t,i,native_median,p_active,sobol_hat
20,0,0.005224697663564676,0.1875,nan
20,1,0.002303355662717338,0.1875,nan
20,2,0.0069211713030937995,0.0625,nan
20,3,0.007928882978697859,0.1875,nan
20,4,0.007714364156488851,0.1875,nan
20,5,0.00818664401150886,0.25,nan
20,6,0.0033478657312266003,0.0625,nan
20,7,0.00611493997972437,0.25,nan
20,8,0.006721854294272425,0.125,nan
20,9,0.00803031170847137,0.25,nan
20,10,0.007959007258838314,0.125,nan
20,11,0.0065185576121200035,0.125,nan
20,12,0.026519390803050782,0.625,nan
20,13,0.0060454837724761516,0.125,nan
20,14,0.008544105744006058,0.25,nan
20,15,0.009761859393755148,0.1875,nan
20,16,0.00987610720318591,0.125,nan
20,17,0.004973015000639614,0.25,nan
20,18,0.016145693936726005,0.375,nan
20,19,0.006403123972834254,0.0625,nan
20,20,0.004916247437403511,0.125,nan
20,21,0.0033289515222979706,0.125,nan
20,22,0.006055590101340934,0.125,nan
20,23,0.0018621533296601278,0.0,nan
20,24,0.007879137238847297,0.25,nan
20,25,0.008432063451976269,0.25,nan
20,26,0.0035782175811981103,0.0,nan
20,27,0.01486654558245711,0.4375,nan
20,28,0.005495400336341182,0.125,nan
20,29,0.01507926879826765,0.25,nan
20,30,0.007319512837115433,0.125,nan
20,31,0.006019335688888339,0.1875,nan
20,32,0.006760834796981032,0.3125,nan
20,33,0.0066078772470249975,0.0625,nan
20,34,0.008446757424850244,0.25,nan
20,35,0.004067674624693382,0.0625,nan
20,36,0.004997865594126601,0.0625,nan
20,37,0.007979104289439983,0.3125,nan
20,38,0.004774447466198586,0.0625,nan
20,39,0.004487367252699644,0.0,nan
20,40,0.005818499346763736,0.125,nan
20,41,0.00710956236826849,0.1875,nan
20,42,0.022195263191101496,0.625,nan
20,43,0.00640305517150525,0.25,nan
20,44,0.0027853579076637302,0.1875,nan
20,45,0.014673721764933447,0.3125,nan
20,46,0.0061182831917978246,0.3125,nan
20,47,0.0046280832497371804,0.0,nan
20,48,0.007534304948514094,0.1875,nan
20,49,0.011751585177906067,0.4375,nan
20,50,0.016932533908939736,0.4375,nan
20,51,0.008679883754151248,0.1875,nan
20,52,0.006181844376297499,0.125,nan
20,53,0.008704289964866352,0.25,nan
20,54,0.005437953374505396,0.1875,nan
20,55,0.006249711822067787,0.0,nan
20,56,0.006327768088317979,0.0625,nan
20,57,0.0034278586330338204,0.1875,nan
20,58,0.004759792793640119,0.0625,nan
20,59,0.00542475630283,0.0625,nan
20,60,0.006275053227197159,0.0,nan
20,61,0.0060010994599998865,0.25,nan
20,62,0.01224506143793912,0.1875,nan
20,63,0.013419368601540018,0.1875,nan
20,64,0.0041783522781564985,0.0625,nan
20,65,0.0026507234424233417,0.0,nan
20,66,0.014738921825665077,0.4375,nan
20,67,0.006556362645234537,0.25,nan
20,68,0.003161314866870226,0.125,nan
20,69,0.006373886081859082,0.3125,nan
20,70,0.009944048443440132,0.25,nan
20,71,0.011996810848328161,0.4375,nan
20,72,0.006572819430620838,0.1875,nan
20,73,0.01883273617863678,0.5,nan
20,74,0.010157362912132168,0.3125,nan
20,75,0.008268272717701518,0.1875,nan
20,76,0.008523843143174028,0.0625,nan
20,77,0.006398802328076729,0.375,nan
20,78,0.020872999273416314,0.5625,nan
20,79,0.0010758032367540601,0.0,nan
20,80,0.004709821802043195,0.1875,nan
20,81,0.004755388211224827,0.1875,nan
20,82,0.00835001842162308,0.3125,nan
20,83,0.004282506703771478,0.125,nan
20,84,0.007334476405038311,0.0625,nan
20,85,0.0057063129611966325,0.125,nan
20,86,0.009252419909866135,0.1875,nan
20,87,0.00406285396106547,0.25,nan
20,88,0.0058899105642980665,0.25,nan
20,89,0.0038443108502349945,0.0,nan
20,90,0.005938878292997642,0.1875,nan
20,91,0.012151132862115617,0.4375,nan
20,92,0.0031877498412088198,0.0625,nan
20,93,0.007690893803710482,0.1875,nan
20,94,0.0028261170753643883,0.0625,nan
20,95,0.007199429023297807,0.1875,nan
20,96,0.004388809406729167,0.125,nan
20,97,0.00767996816667565,0.3125,nan
20,98,0.005534504052914941,0.1875,nan
20,99,0.010732278568599358,0.375,nan
21,0,0.004171839464805672,0.25,nan
21,1,0.002189767302976294,0.0625,nan
21,2,0.0037337053427392315,0.125,nan
21,3,0.0071169443597096285,0.1875,nan
21,4,0.0026623351219557433,0.0625,nan
21,5,0.00871357775252524,0.3125,nan
21,6,0.0023688234213854733,0.0,nan
21,7,0.004661810476627112,0.0625,nan
21,8,0.00552703527217061,0.125,nan
21,9,0.0028612487478244684,0.125,nan
21,10,0.0037429368219171182,0.0625,nan
21,11,0.005834954472823008,0.0625,nan
21,12,0.0013013218501609367,0.0,nan
21,13,0.008422178453713111,0.3125,nan
21,14,0.0019065681179278697,0.0,nan
21,15,0.010030300897254985,0.375,nan
21,16,0.0020250132708610905,0.0625,nan
21,17,0.002440350918037428,0.125,nan
21,18,0.0034425868139217495,0.125,nan
21,19,0.004648154989631169,0.125,nan
21,20,0.0033982323807550843,0.1875,nan
21,21,0.004023924526296317,0.0625,nan
21,22,0.0021551153708570165,0.0,nan
21,23,0.0028282331870603775,0.1875,nan
21,24,0.0025236967369188183,0.0,nan
21,25,0.0027160605472316187,0.0625,nan
21,26,0.00605831443173663,0.125,nan
21,27,0.005411721916386709,0.1875,nan
21,28,0.0029035227011671694,0.0,nan
21,29,0.0046969951052244375,0.0625,nan
21,30,0.002178838389191428,0.0625,nan
21,31,0.002915454574371137,0.0,nan
21,32,0.003621918068297655,0.0625,nan
21,33,0.020017633042706796,0.5,nan
21,34,0.0019933625990791503,0.125,nan
21,35,0.0019193858851141252,0.0625,nan
21,36,0.0018002652616434496,0.0,nan
21,37,0.003155210819460146,0.0625,nan
21,38,0.0017421992172570798,0.0625,nan
21,39,0.005364163699415782,0.125,nan
21,40,0.0028623912358388204,0.125,nan
21,41,0.006611392295539689,0.1875,nan
21,42,0.0016767055338339479,0.0625,nan
21,43,0.004543566384606927,0.125,nan
21,44,0.002225213934517003,0.0,nan
21,45,0.001770167477398424,0.0,nan
21,46,0.0019691233761256794,0.0,nan
21,47,0.008655211031328481,0.1875,nan
21,48,0.003542784239201292,0.0625,nan
21,49,0.0029118862722660307,0.0,nan
21,50,0.00479940352194759,0.1875,nan
21,51,0.0009119162816744365,0.0,nan
21,52,0.004327832763400825,0.1875,nan
21,53,0.003562743562557668,0.0,nan
21,54,0.004693601474572831,0.0625,nan
21,55,0.003028824102112703,0.0625,nan
21,56,0.003043948662126124,0.0625,nan
21,57,0.0049827970550873875,0.0,nan
21,58,0.0021038641472561096,0.0625,nan
21,59,0.006048592895958061,0.25,nan
21,60,0.00296985653528933,0.0625,nan
21,61,0.0028118422598606813,0.0625,nan
21,62,0.0013671574505001501,0.1875,nan
21,63,0.0030081731426831885,0.0,nan
21,64,0.010318689241013073,0.3125,nan
21,65,0.002960306451800379,0.0625,nan
21,66,0.00907386616229355,0.25,nan
21,67,0.002630748227231805,0.0625,nan
21,68,0.0015328593546401889,0.0625,nan
21,69,0.0033487972291143565,0.0,nan
21,70,0.0019225002959028666,0.0,nan
21,71,0.00680872492828382,0.0625,nan
21,72,0.0014781172539206984,0.0,nan
21,73,0.006730845146927487,0.0625,nan
21,74,0.003545563982523309,0.0625,nan
21,75,0.0017575952502081693,0.125,nan
21,76,0.004740493741741488,0.125,nan
21,77,0.0055328756947992655,0.0625,nan
21,78,0.0023676994807135514,0.125,nan
21,79,0.005516455144982455,0.1875,nan
21,80,0.0029415266653075823,0.1875,nan
21,81,0.0049744994457646095,0.125,nan
21,82,0.0031452811144536117,0.0625,nan
21,83,0.0031926883169805754,0.125,nan
21,84,0.0033316126833180496,0.0625,nan
21,85,0.003210353222108211,0.125,nan
21,86,0.01288244804160716,0.3125,nan
21,87,0.01701592504804441,0.5,nan
21,88,0.0014676802219024685,0.0,nan
21,89,0.008380577026029592,0.25,nan
21,90,0.0056370437767493346,0.0625,nan
21,91,0.004180188496398327,0.125,nan
21,92,0.0023962248957935745,0.0625,nan
21,93,0.0035162115390930844,0.0625,nan
21,94,0.002144461354514575,0.0625,nan
21,95,0.004190555569708081,0.1875,nan
21,96,0.0050304126708403795,0.25,nan
21,97,0.004230933395152019,0.1875,nan
21,98,0.003142722349394702,0.125,nan
21,99,0.004082787942563711,0.1875,nan
22,0,0.0017356415018116031,0.0,nan
22,1,0.0035073451091220797,0.125,nan
22,2,0.003515251004464118,0.125,nan
22,3,0.002857438606181972,0.25,nan
22,4,0.004607982606738532,0.3125,nan
22,5,0.004851486184109031,0.3125,nan
22,6,0.0008040289494854794,0.0625,nan
22,7,0.01033095686013799,0.375,nan
22,8,0.0013933841834338544,0.0,nan
22,9,0.002441003471248905,0.0625,nan
22,10,0.0034201468639319093,0.0625,nan
22,11,0.0009331594023441405,0.0,nan
22,12,0.004730539885116809,0.125,nan
22,13,0.0028231208925531765,0.1875,nan
22,14,0.0031940684643290145,0.1875,nan
22,15,0.0030710812664570012,0.125,nan
22,16,0.0054822236301623134,0.125,nan
22,17,0.0022567662379006682,0.0,nan
22,18,0.003203927117450909,0.0,nan
22,19,0.0029812969054068116,0.1875,nan
22,20,0.0014374597834898282,0.0625,nan
22,21,0.0026677429363425546,0.1875,nan
22,22,0.001074463573966419,0.0,nan
22,23,0.001284979966478331,0.0625,nan
22,24,0.002787617369644799,0.0,nan
22,25,0.003943167272090837,0.125,nan
22,26,0.0024398874939661553,0.125,nan
22,27,0.002386480857900237,0.125,nan
22,28,0.0008924888255061102,0.0,nan
22,29,0.007691446938551855,0.25,nan
22,30,0.0023897183844743203,0.0,nan
22,31,0.0028029064622112163,0.0,nan
22,32,0.001758480984340624,0.0625,nan
22,33,0.0028367901039640323,0.0,nan
22,34,0.0006865247671399933,0.0,nan
22,35,0.0021591271765820643,0.0,nan
22,36,0.003067019468539927,0.0625,nan
22,37,0.002760051733580857,0.0625,nan
22,38,0.0015832146117622727,0.0,nan
22,39,0.005491274180091257,0.0625,nan
22,40,0.0038389951428684822,0.1875,nan
22,41,0.0028995135782390524,0.0625,nan
22,42,0.0022869624153064646,0.0,nan
22,43,0.0018283103765618408,0.0,nan
22,44,0.0038321455191959114,0.0,nan
22,45,0.0023707543464647303,0.125,nan
22,46,0.0013444218898291298,0.0,nan
22,47,0.0022050300493410323,0.0,nan
22,48,0.002085557199795569,0.0625,nan
22,49,0.0011303214335104633,0.125,nan
22,50,0.003208782129054538,0.0,nan
22,51,0.005179931270311614,0.0625,nan
22,52,0.0019354885952885066,0.0625,nan
22,53,0.00434636898958164,0.0625,nan
22,54,0.0017697160816964306,0.0625,nan
22,55,0.003526100827075765,0.1875,nan
22,56,0.00138337985657238,0.0,nan
22,57,0.0030073554469967397,0.125,nan
22,58,0.003618022818480153,0.125,nan
22,59,0.001130043215098042,0.0,nan
22,60,0.004049338969109195,0.0,nan
22,61,0.0053032671109614765,0.1875,nan
22,62,0.003412865403330312,0.1875,nan
22,63,0.0021117107187483965,0.125,nan
22,64,0.0029430928847706504,0.125,nan
22,65,0.0032985114608610235,0.125,nan
22,66,0.003493021356835509,0.125,nan
22,67,0.0021982836278725995,0.0,nan
22,68,0.002476938960144197,0.0625,nan
22,69,0.0011626206280483543,0.0,nan
22,70,0.0020306116679856827,0.0,nan
22,71,0.002422382414190139,0.0625,nan
22,72,0.0017039761057243714,0.0,nan
22,73,0.001724515891651702,0.0,nan
22,74,0.007016598017953639,0.1875,nan
22,75,0.0026396035075133195,0.0625,nan
22,76,0.004304624424728129,0.125,nan
22,77,0.007523178588608804,0.25,nan
22,78,0.0013642141885007015,0.0,nan
22,79,0.002541811162768433,0.1875,nan
22,80,0.002881322168736546,0.0625,nan
22,81,0.0016027477188383624,0.0,nan
22,82,0.0029105459551038142,0.0625,nan
22,83,0.001387829275347976,0.0,nan
22,84,0.004081463621199873,0.0625,nan
22,85,0.007278915881214094,0.125,nan
22,86,0.0019336298389386786,0.0625,nan
22,87,0.0021617090441347184,0.0625,nan
22,88,0.0020249167560373897,0.0625,nan
22,89,0.001063724374544245,0.0,nan
22,90,0.0015553144531157824,0.0,nan
22,91,0.0020033657877385827,0.125,nan
22,92,0.0008848333503192535,0.0,nan
22,93,0.000950902531094668,0.0625,nan
22,94,0.0011829416841180793,0.125,nan
22,95,0.004367060931683679,0.125,nan
22,96,0.0032893192821120314,0.0,nan
22,97,0.002392546373738974,0.1875,nan
22,98,0.002619607348776189,0.0625,nan
22,99,0.0012459848872693176,0.0,nan
23,0,0.00206576642926963,0.0625,nan
23,1,0.0018346855199028562,0.0,nan
23,2,0.0018167563408902046,0.0,nan
23,3,0.001100018718692111,0.0625,nan
23,4,0.008699313834720512,0.3125,nan
23,5,0.0034563704813932723,0.0625,nan
23,6,0.0008138476799015638,0.0625,nan
23,7,0.0018521128889786185,0.0,nan
23,8,0.0014742265418078986,0.0,nan
23,9,0.00299003908611839,0.0625,nan
23,10,0.002008938150617003,0.125,nan
23,11,0.0012505724398161108,0.0625,nan
23,12,0.0014956981922037724,0.0,nan
23,13,0.004962855695679225,0.125,nan
23,14,0.0021069921113265606,0.0,nan
23,15,0.0008176907783503151,0.0,nan
23,16,0.001992443919636879,0.0,nan
23,17,0.0013831896309111852,0.0,nan
23,18,0.0017065296303588097,0.0,nan
23,19,0.0010625274665882502,0.0,nan
23,20,0.0009686374627391359,0.0,nan
23,21,0.0017546011663381307,0.0,nan
23,22,0.0011977466455332644,0.0,nan
23,23,0.0033245691871761148,0.0625,nan
23,24,0.0007115546630375783,0.0,nan
23,25,0.0015716045255907331,0.0,nan
23,26,0.0010953083063069064,0.0,nan
23,27,0.0008389724055186383,0.125,nan
23,28,0.0012419147844971177,0.0,nan
23,29,0.0015835606309174033,0.1875,nan
23,30,0.002131379761317443,0.125,nan
23,31,0.0029428331925183716,0.125,nan
23,32,0.0011735660589701586,0.0,nan
23,33,0.002597574720579981,0.0625,nan
23,34,0.0011897806010138707,0.0,nan
23,35,0.0002654124458464911,0.0,nan
23,36,0.004101476856670727,0.0625,nan
23,37,0.0007994687700896774,0.0,nan
23,38,0.0027756607492035136,0.25,nan
23,39,0.002429875989437132,0.0625,nan
23,40,0.0008101583911195144,0.0,nan
23,41,0.001582981748927466,0.0,nan
23,42,0.0033830920847641344,0.0625,nan
23,43,0.0005731251827630235,0.0625,nan
23,44,0.0007423389911385746,0.0,nan
23,45,0.0014421586806763792,0.0625,nan
23,46,0.0006943653189484309,0.0,nan
23,47,0.003071378733565346,0.0,nan
23,48,0.0019880717071847757,0.0,nan
23,49,0.001175326823683398,0.0,nan
23,50,0.0073219840952051755,0.25,nan
23,51,0.003976443542743787,0.1875,nan
23,52,0.0007349017881073338,0.0,nan
23,53,0.0018833176520937568,0.0,nan
23,54,0.002449847954017424,0.0625,nan
23,55,0.0023392353856084413,0.0,nan
23,56,0.001974910929523799,0.0625,nan
23,57,0.0013120493680033637,0.0625,nan
23,58,0.0011405473822056862,0.0,nan
23,59,0.005430404387573544,0.1875,nan
23,60,0.001119894279205545,0.0,nan
23,61,0.002094056313309258,0.0625,nan
23,62,0.0024190992174768374,0.0,nan
23,63,0.0018914387229886302,0.0,nan
23,64,0.0033813075450678264,0.0625,nan
23,65,0.003002105327647457,0.0,nan
23,66,0.001742652443331945,0.1875,nan
23,67,0.001018754303170413,0.0,nan
23,68,0.0018210257233657592,0.0,nan
23,69,0.0009754806589806228,0.0,nan
23,70,0.0009680858990127633,0.0,nan
23,71,0.0011646817982607731,0.0,nan
23,72,0.0012536052226523936,0.0,nan
23,73,0.0019204011882009446,0.125,nan
23,74,0.00229228067537172,0.0625,nan
23,75,0.002350687884733026,0.125,nan
23,76,0.001943086873681939,0.0625,nan
23,77,0.0019481632330120716,0.0625,nan
23,78,0.0016488913681427188,0.0,nan
23,79,0.001065193663053413,0.0625,nan
23,80,0.0031388979598544397,0.0625,nan
23,81,0.0028928062513341873,0.0625,nan
23,82,0.0027672865166973185,0.0625,nan
23,83,0.002472858193134776,0.0,nan
23,84,0.0017816073026151891,0.0,nan
23,85,0.0007283594387292288,0.0,nan
23,86,0.0018964768285363483,0.0625,nan
23,87,0.0019643706434042192,0.0625,nan
23,88,0.0017791247100910701,0.0,nan
23,89,0.001184819003014933,0.0625,nan
23,90,0.0021325926172314274,0.0625,nan
23,91,0.0037462840967461553,0.0625,nan
23,92,0.0018494656105559211,0.0,nan
23,93,0.001419140150247233,0.0,nan
23,94,0.001097630551917142,0.0,nan
23,95,0.001462559325323038,0.0625,nan
23,96,0.002987645384098037,0.0,nan
23,97,0.002030269646075072,0.0625,nan
23,98,0.0016350905109807912,0.0625,nan
23,99,0.0007088549255376609,0.0,nan
24,0,0.0005831535269732123,0.0625,nan
24,1,0.0016734841753093025,0.0,nan
24,2,0.0009634329610169474,0.0,nan
24,3,0.0033691106937042544,0.0,nan
24,4,0.003848771511328215,0.0,nan
24,5,0.0007878525351724228,0.125,nan
24,6,0.001400663646558536,0.0625,nan
24,7,0.0016223949023082924,0.0,nan
24,8,0.0005743531085704056,0.0,nan
24,9,0.002953827435966675,0.0,nan
24,10,0.002696143120687572,0.0625,nan
24,11,0.0018629598865803716,0.0,nan
24,12,0.002486607331741545,0.0,nan
24,13,0.0012002722025093344,0.0,nan
24,14,0.0024885563886394707,0.0625,nan
24,15,0.003038487484505051,0.0,nan
24,16,0.001573416296430312,0.0625,nan
24,17,0.0016315996408407304,0.0,nan
24,18,0.0012362283121526716,0.0625,nan
24,19,0.0011209369950579075,0.0625,nan
24,20,0.0013373509337643533,0.0,nan
24,21,0.0010539946073144252,0.0625,nan
24,22,0.004156211741103356,0.125,nan
24,23,0.001244729703141391,0.0,nan
24,24,0.0012853101870832135,0.0,nan
24,25,0.0021479424417702895,0.0625,nan
24,26,0.0011539714409522926,0.0625,nan
24,27,0.0010624370831714654,0.0625,nan
24,28,0.0012906874714729223,0.0,nan
24,29,0.0024350222260901703,0.0625,nan
24,30,0.002394480662127571,0.0625,nan
24,31,0.0009543064038298487,0.0,nan
24,32,0.002370803476045731,0.125,nan
24,33,0.001171649417164207,0.0625,nan
24,34,0.0015869760281441545,0.0,nan
24,35,0.004822616035685617,0.3125,nan
24,36,0.001748584460574828,0.125,nan
24,37,0.0011452968686883767,0.0,nan
24,38,0.0019032385337982747,0.0625,nan
24,39,0.001852476220491355,0.0625,nan
24,40,0.0010205259221712996,0.0,nan
24,41,0.002392681869361664,0.0,nan
24,42,0.0017057347713593269,0.1875,nan
24,43,0.0018490689823503139,0.0,nan
24,44,0.0024456434159657826,0.0,nan
24,45,0.005584606591294013,0.125,nan
24,46,0.0008728969039034805,0.0,nan
24,47,0.002098750667605957,0.0625,nan
24,48,0.0022331939468947133,0.0625,nan
24,49,0.0027247312043354316,0.0,nan
24,50,0.0007903604966735403,0.125,nan
24,51,0.003791586836328015,0.1875,nan
24,52,0.0010799530591145533,0.0,nan
24,53,0.0012267637007944904,0.0,nan
24,54,0.0021340273273840714,0.0,nan
24,55,0.0014200639041826862,0.0625,nan
24,56,0.0022776723621841235,0.0,nan
24,57,0.005316706773939222,0.0625,nan
24,58,0.0020921466356626337,0.0,nan
24,59,0.0035072451208059555,0.0625,nan
24,60,0.001528549252362578,0.0,nan
24,61,0.003146540955585794,0.125,nan
24,62,0.0010365402679729354,0.0625,nan
24,63,0.0025058557112638833,0.0625,nan
24,64,0.003984147776249352,0.1875,nan
24,65,0.0019319183798986348,0.0625,nan
24,66,0.002217975918025588,0.0625,nan
24,67,0.0017531013663421098,0.0,nan
24,68,0.0011283326407587543,0.0,nan
24,69,0.0011651245587395945,0.0625,nan
24,70,0.0004609753393884729,0.0,nan
24,71,0.0027816524071192896,0.0625,nan
24,72,0.0011295086548352986,0.0,nan
24,73,0.0009607569505451755,0.0625,nan
24,74,0.010692135588568696,0.3125,nan
24,75,0.0019219570061048913,0.125,nan
24,76,0.0024524185230217982,0.0,nan
24,77,0.0009703741269798704,0.0625,nan
24,78,0.0012180673651212026,0.0625,nan
24,79,0.005150720539041387,0.125,nan
24,80,0.0009389881445251538,0.0,nan
24,81,0.0017285269134606138,0.0,nan
24,82,0.003354704769912775,0.0625,nan
24,83,0.001433278717009536,0.0,nan
24,84,0.0013469966270601985,0.0,nan
24,85,0.002236232841010111,0.1875,nan
24,86,0.002555720526781353,0.0,nan
24,87,0.0020530365470421133,0.0,nan
24,88,0.002690479790532681,0.125,nan
24,89,0.0012259034598300926,0.0625,nan
24,90,0.0033437882318183084,0.125,nan
24,91,0.00529539314508405,0.0625,nan
24,92,0.0013661979387826562,0.0625,nan
24,93,0.001599486485448641,0.0,nan
24,94,0.0011533752912879672,0.0,nan
24,95,0.0024904720688744856,0.0,nan
24,96,0.0017760255176851923,0.0,nan
24,97,0.0023053777351050814,0.0,nan
24,98,0.001952280343641609,0.0,nan
24,99,0.0007933357995814238,0.0,nan
25,0,0.002740457589709951,0.0,0.006918450500496582
25,1,0.0025877557483664493,0.0,0.003624209373077118
25,2,0.0031428768549104473,0.125,0.00201435198564045
25,3,0.000481049055445879,0.0,0.0036267526463862713
25,4,0.005410941228214158,0.1875,0.20991565620662833
25,5,0.0013363120831422519,0.0625,0.041798579290237364
25,6,0.0026642130105869015,0.0,0.00281896705362823
25,7,0.0030150593371062314,0.0625,0.016217758391666393
25,8,0.0012500574356258082,0.0,0.0005798876435694942
25,9,0.0019084073723469241,0.0625,0.032059215810047226
25,10,0.002447881907893511,0.0625,0.004008733375076012
25,11,0.0016885072971292272,0.0,0.012049578281435772
25,12,0.000957757713640619,0.0625,0.010608145029353295
25,13,0.0045358166593168535,0.0625,0.11403212113423498
25,14,0.0021006029602284432,0.0625,0.019891708677509487
25,15,0.002752339717544266,0.0,0.024144483662974232
25,16,0.0032840387520018436,0.0625,0.004968537534239158
25,17,0.0007404307335809614,0.0,0.0036277872932214883
25,18,0.0011587076385532608,0.0,0.0004848607150613505
25,19,0.0024396323314188973,0.125,0.019542835737658446
25,20,0.002022709822415367,0.0625,0.0017383080997574317
25,21,0.00114450586488388,0.0625,0.0013544734845319332
25,22,0.0012280432537553178,0.0,0.00831514122237219
25,23,0.001292050071861331,0.0,0.01082741543844713
25,24,0.0006472934779749853,0.0,0.001213637506016361
25,25,0.0034546431341597643,0.0625,0.016465695480701023
25,26,0.002637179396843902,0.0625,0.013630273824325963
25,27,0.0014550632531507702,0.0,0.012517148346191234
25,28,0.0017221677189762255,0.0625,0.0009659538446133583
25,29,0.0009464159848408411,0.0625,0.004564723317044762
25,30,0.002199186582420615,0.0,0.00932737543460774
25,31,0.0023768774380380163,0.0,0.010938819010763332
25,32,0.0038385850506531282,0.0,0.004431873277466647
25,33,0.0005925788370817653,0.0,0.0006825964469098142
25,34,0.0008252002130400419,0.0,0.001962419444274912
25,35,0.0014275063910736158,0.0,0.0003490030979485625
25,36,0.0011518885386229932,0.0,0.0003915790037022437
25,37,0.0018006271337386978,0.0,0.011173568401483501
25,38,0.0011467929603455936,0.0,0.002506177085809584
25,39,0.002952253990829725,0.125,0.004072863912713175
25,40,0.0030364020447507106,0.0,0.0005577320386123074
25,41,0.0007877292544804756,0.0,0.000622601806894442
25,42,0.0030081571480789354,0.0625,0.017850739222002546
25,43,0.0010264087925396666,0.0,0.0003253485986066667
25,44,0.00040472744886223836,0.0,4.579353023100712e-05
25,45,0.000655737444160362,0.0625,0.006719743224049591
25,46,0.001014897668616157,0.0,0.0006545491537763479
25,47,0.0021285814333574593,0.0,0.0017761591851616308
25,48,0.0010158674081021753,0.0625,0.005351810255727687
25,49,0.0015549405450723493,0.0,0.015502315776512194
25,50,0.001591301668757027,0.0,0.022808681589940073
25,51,0.0008711235100249918,0.0,0.0017095709394772446
25,52,0.001524280234675552,0.0,0.000527126143776215
25,53,0.0010850820429464426,0.0,0.0009126901106227985
25,54,0.0019930282308310153,0.0,0.001038654545282559
25,55,0.001337356054022917,0.0625,0.0014078229081417365
25,56,0.0016511305748745093,0.0,0.003585073266935419
25,57,0.0017050916719885535,0.0625,0.0019449940936896687
25,58,0.0023366489983830665,0.125,0.007852430564048263
25,59,0.001571354971642199,0.0625,0.01931255043232994
25,60,0.0004965253634103762,0.0625,0.0006327538784790475
25,61,0.0010927239679769728,0.0,0.010021645035537248
25,62,0.0005373451932134852,0.0,0.0001665352685511291
25,63,0.0006348683858602418,0.0,0.001603688511855331
25,64,0.003040772127115359,0.125,0.01082624575645174
25,65,0.0011487735931473416,0.0,0.006008065958374068
25,66,0.001645139365365794,0.0,0.003197991567408411
25,67,0.0011051840929184097,0.0,0.0011420389891943466
25,68,0.0017720244391091528,0.0,0.0034255280199862433
25,69,0.002962073073588097,0.125,0.014307734187258466
25,70,0.0024365716175421023,0.0625,0.01140044108746306
25,71,0.003418625995335568,0.1875,0.030148734709762155
25,72,0.001103773481486695,0.0,0.0006619416094155576
25,73,0.0011784713899054967,0.0,0.0007989475783533068
25,74,0.005477467450207113,0.3125,0.012308261277548166
25,75,0.0012627147029575661,0.0625,0.009949809875094624
25,76,0.002648400095596116,0.0625,0.005096500097060078
25,77,0.00220058754327177,0.0625,0.0010926576140434495
25,78,0.0033867937074554743,0.25,0.006226462627213622
25,79,0.0024885973271714513,0.0625,0.009538357154606637
25,80,0.0008120997170273997,0.0,0.0009800611143137472
25,81,0.000679040376438238,0.0,0.00043449623887281805
25,82,0.0026788111127057476,0.0625,0.011529496370780922
25,83,0.0015045713838334088,0.0,0.013193563278771856
25,84,0.0009349516311175775,0.0,0.0003049127778700106
25,85,0.0009755717974062943,0.0,0.0033767416418642436
25,86,0.0021976563797364863,0.0625,0.0021157502612521475
25,87,0.003290105196067381,0.0,0.01977604237757055
25,88,0.0014322872398851412,0.0,0.000670697483763558
25,89,0.0013697087875176395,0.0625,0.0008433897703080763
25,90,0.0023561999617231198,0.0,0.0054097845610170175
25,91,0.0005132041974576485,0.0,0.00012970271218419078
25,92,0.002071839588202706,0.0625,0.012120990433735565
25,93,0.0007199104729693478,0.0,0.00016267267772282232
25,94,0.001100486391503041,0.0,0.0011485864500914856
25,95,0.002344749233438511,0.0625,0.005145399354743841
25,96,0.0015174591199724416,0.0,0.003215662633887773
25,97,0.0011968491885594268,0.0625,0.01495512032461357
25,98,0.0011738116169560462,0.0,0.0005835979807794479
25,99,0.002692714377851504,0.0,0.004480937344558596
26,0,0.0010651726123013646,0.0,nan
26,1,0.002797507956942548,0.0,nan
26,2,0.0019055367773022141,0.0625,nan
26,3,0.0020485163203022797,0.0625,nan
26,4,0.0017645933955971502,0.0,nan
26,5,0.002925968167935147,0.125,nan
26,6,0.0027322689593879557,0.0625,nan
26,7,0.0021222978553711138,0.0,nan
26,8,0.004000282832261253,0.0,nan
26,9,0.0019227971902573031,0.0,nan
26,10,0.001288609462990396,0.0,nan
26,11,0.008859825690058838,0.375,nan
26,12,0.001679988893554557,0.0,nan
26,13,0.0013295530658259305,0.0,nan
26,14,0.001670394293852147,0.125,nan
26,15,0.001463137896588378,0.0625,nan
26,16,0.0006981707629489817,0.0,nan
26,17,0.0015283615398497073,0.0,nan
26,18,0.0005660136162403375,0.0,nan
26,19,0.0009762705470954617,0.0,nan
26,20,0.002136705728647121,0.0625,nan
26,21,0.002953864966911076,0.0625,nan
26,22,0.0038482763098423825,0.25,nan
26,23,0.0017349858777519472,0.0,nan
26,24,0.0022966488364275853,0.0,nan
26,25,0.0017659089955973728,0.0625,nan
26,26,0.0022679742689353066,0.0,nan
26,27,0.002505080174163621,0.0,nan
26,28,0.0011691077333339179,0.0,nan
26,29,0.0016851958683633888,0.0,nan
26,30,0.0030608375184615006,0.125,nan
26,31,0.0015930936074059114,0.0,nan
26,32,0.0013445298667153875,0.0625,nan
26,33,0.0021921304719277153,0.0625,nan
26,34,0.0021174827597174907,0.0625,nan
26,35,0.00334342832358452,0.0,nan
26,36,0.0008055815666679219,0.0,nan
26,37,0.00044139405125215346,0.0,nan
26,38,0.0022998223557823823,0.125,nan
26,39,0.002086559867297816,0.125,nan
26,40,0.0015800136677189707,0.0625,nan
26,41,0.0023360956982139726,0.0,nan
26,42,0.008667773373172621,0.25,nan
26,43,0.0027974453016943587,0.0,nan
26,44,0.002773870325381747,0.125,nan
26,45,0.0008638521659931251,0.0,nan
26,46,0.0013290627472503664,0.0,nan
26,47,0.003448353589498626,0.1875,nan
26,48,0.00036381331056616615,0.0,nan
26,49,0.003443543127715597,0.0,nan
26,50,0.007800971433201883,0.375,nan
26,51,0.0008790098016573392,0.0,nan
26,52,0.0019977829815901347,0.0625,nan
26,53,0.0006073108754989125,0.0,nan
26,54,0.0004970109466369248,0.0,nan
26,55,0.0007626603416768705,0.0,nan
26,56,0.0006659857247344229,0.0,nan
26,57,0.0011799723418312357,0.0,nan
26,58,0.001429841176764476,0.0,nan
26,59,0.0013051291490712704,0.0,nan
26,60,0.0009436782636915813,0.0,nan
26,61,0.0022597436299984616,0.0625,nan
26,62,0.0010724354872100614,0.0,nan
26,63,0.0016334422232932911,0.0625,nan
26,64,0.001773831312605236,0.0,nan
26,65,0.00157404050900348,0.0,nan
26,66,0.0018280876878180295,0.0625,nan
26,67,0.0015414441214151296,0.0,nan
26,68,0.0014050406400224012,0.125,nan
26,69,0.0014273356194265162,0.0625,nan
26,70,0.0010262902268949588,0.0,nan
26,71,0.0014957764491602714,0.0,nan
26,72,0.0004316062890706557,0.0,nan
26,73,0.0012419093842393303,0.0,nan
26,74,0.0017054289361521239,0.0,nan
26,75,0.0024324265585293197,0.125,nan
26,76,0.0013532128518902173,0.0,nan
26,77,0.0007441632633371198,0.0,nan
26,78,0.0022355092103266,0.0,nan
26,79,0.0008855920855046846,0.0,nan
26,80,0.00491976884149024,0.3125,nan
26,81,0.003057076631953305,0.125,nan
26,82,0.0013750536772610998,0.0,nan
26,83,0.001812564202635218,0.0,nan
26,84,0.001217601609598116,0.0,nan
26,85,0.0024851361613801503,0.0,nan
26,86,0.0015749454975317136,0.0,nan
26,87,0.0024204833376747768,0.125,nan
26,88,0.0008322392444446544,0.0,nan
26,89,0.0011561582742495072,0.0,nan
26,90,0.0004230563182568238,0.0,nan
26,91,0.0013546144644236604,0.0625,nan
26,92,0.0016753706462632467,0.0,nan
26,93,0.0018910161064612883,0.0,nan
26,94,0.0010240088577020926,0.0,nan
26,95,0.0019183237062860483,0.0,nan
26,96,0.0018444637473127483,0.0625,nan
26,97,0.0051163552329928,0.25,nan
26,98,0.005428529585891191,0.125,nan
26,99,0.0021305649867719143,0.0625,nan
27,0,0.0007006600732907309,0.0,nan
27,1,0.008007015114195968,0.25,nan
27,2,0.0011271539167506655,0.0625,nan
27,3,0.0008045532897321141,0.0,nan
27,4,0.002605635201968336,0.125,nan
27,5,0.0007794334250959596,0.0,nan
27,6,0.0010285390550113624,0.0,nan
27,7,0.002323878656482479,0.0,nan
27,8,0.0009451184661671828,0.0625,nan
27,9,0.0015818291199390859,0.0,nan
27,10,0.002101550751490238,0.0,nan
27,11,0.00034018878260830786,0.0,nan
27,12,0.002101701505410531,0.0,nan
27,13,0.0007215707456571885,0.0,nan
27,14,0.0011636574821773068,0.0625,nan
27,15,0.00042689584994879315,0.0,nan
27,16,0.0010367283765292186,0.0,nan
27,17,0.0015442575258468206,0.0,nan
27,18,0.0013956182928081652,0.0625,nan
27,19,0.0008908541864382892,0.0625,nan
27,20,0.001163604880761909,0.0625,nan
27,21,0.0010107811378732147,0.0,nan
27,22,0.0037172137504685038,0.125,nan
27,23,0.0009773334422362445,0.0625,nan
27,24,0.0007491152374985721,0.0,nan
27,25,0.0004883396400243703,0.0,nan
27,26,0.0007834009938443519,0.0,nan
27,27,0.0015933039481238432,0.0,nan
27,28,0.0034757006384709276,0.125,nan
27,29,0.0012530626258506839,0.0,nan
27,30,0.004534607074559657,0.25,nan
27,31,0.0008350137305546085,0.0625,nan
27,32,0.00035935062199037254,0.0,nan
27,33,0.0005594789785389196,0.0,nan
27,34,0.0032382459055246855,0.0625,nan
27,35,0.0004679965434064412,0.0,nan
27,36,0.0006538014975768153,0.0,nan
27,37,0.0013290994023747497,0.0,nan
27,38,0.000917608871516826,0.0,nan
27,39,0.000748592131712788,0.0,nan
27,40,0.0013994179844285088,0.0,nan
27,41,0.0005380318891559928,0.0,nan
27,42,0.0031129943707066295,0.0625,nan
27,43,0.0005326144791384467,0.0,nan
27,44,0.0007367717938571706,0.0,nan
27,45,0.000504600335839005,0.0,nan
27,46,0.0008881501208247461,0.0,nan
27,47,0.001253600859296251,0.0625,nan
27,48,0.0013577348875460076,0.0625,nan
27,49,0.00041010867324726454,0.0,nan
27,50,0.0006478145738867214,0.0,nan
27,51,0.003877222733851219,0.3125,nan
27,52,0.001769265471914774,0.0625,nan
27,53,0.0008801195053429261,0.0,nan
27,54,0.0005549976477673964,0.0625,nan
27,55,0.0011784103807846095,0.0,nan
27,56,0.0023479377713216307,0.0,nan
27,57,0.0014832556575334471,0.0,nan
27,58,0.0005520598598232351,0.0,nan
27,59,0.002139424779900363,0.0,nan
27,60,0.0008669543192990781,0.0625,nan
27,61,0.0006950071341828279,0.0,nan
27,62,0.0006519140266118167,0.0,nan
27,63,0.0006416487110282284,0.0,nan
27,64,0.0007275018017760712,0.0,nan
27,65,0.0012835481355653261,0.0,nan
27,66,0.0005175816784988457,0.0,nan
27,67,0.0003815495489872952,0.0,nan
27,68,0.0007707288643620594,0.0,nan
27,69,0.0012563152134105783,0.0,nan
27,70,0.00046018068504779277,0.0,nan
27,71,0.0022935789281355408,0.0625,nan
27,72,0.002344701597735293,0.0,nan
27,73,0.001030522945360158,0.0,nan
27,74,0.0007054890154746201,0.0625,nan
27,75,0.0005430555657561229,0.0,nan
27,76,0.0008369365644508178,0.0,nan
27,77,0.00036111695169589524,0.0,nan
27,78,0.0009836930569232087,0.0,nan
27,79,0.0007672881061360965,0.0,nan
27,80,0.0015975843944978445,0.0,nan
27,81,0.001017294102733155,0.0,nan
27,82,0.002630556287954507,0.0,nan
27,83,0.00082267043910815,0.0,nan
27,84,0.0017080047821592596,0.0625,nan
27,85,0.0014040144051480647,0.0625,nan
27,86,0.0011229241587624034,0.0,nan
27,87,0.001078679876823885,0.0,nan
27,88,0.001650434795557735,0.0625,nan
27,89,0.0005549672752612775,0.0,nan
27,90,0.0008175228338205567,0.0,nan
27,91,0.0007437292436210411,0.125,nan
27,92,0.0012537367209771674,0.0,nan
27,93,0.00017664629563065657,0.0,nan
27,94,0.001722403252142686,0.0,nan
27,95,0.0009514587373940727,0.0,nan
27,96,0.001237677115262318,0.0,nan
27,97,0.0010087869790725574,0.0,nan
27,98,0.0020076631350688934,0.0,nan
27,99,0.0020918944911754913,0.0625,nan
28,0,0.0013366085909223386,0.0,nan
28,1,0.0025938863129574587,0.0625,nan
28,2,0.0023450311837688413,0.0625,nan
28,3,0.000949657017228004,0.0625,nan
28,4,0.0018467102036827882,0.0625,nan
28,5,0.001053105430428683,0.0,nan
28,6,0.004652468593636666,0.25,nan
28,7,0.0010857564872545798,0.0,nan
28,8,0.002481969205373533,0.0,nan
28,9,0.0013455766698643205,0.0,nan
28,10,0.0001748346304823402,0.0,nan
28,11,0.00035134377206215645,0.0,nan
28,12,0.0010230529644526423,0.0,nan
28,13,0.001187748622516734,0.0,nan
28,14,0.0005490259685732576,0.0,nan
28,15,0.001409500471260598,0.0,nan
28,16,0.0008051921247951542,0.0,nan
28,17,0.002119035770719044,0.1875,nan
28,18,0.00136748368857243,0.0,nan
28,19,0.0015984916530451857,0.0,nan
28,20,0.0009300909096115324,0.0,nan
28,21,0.000632622408176366,0.0,nan
28,22,0.0011252597928697627,0.0,nan
28,23,0.0006019911236643579,0.0,nan
28,24,0.0006652091973348872,0.0,nan
28,25,0.0009111541540841183,0.0,nan
28,26,0.0015752527231897892,0.0,nan
28,27,0.0003753660739307603,0.0,nan
28,28,0.0007953128060043052,0.0625,nan
28,29,0.0005755377806887295,0.0,nan
28,30,0.0023519103796127436,0.0625,nan
28,31,0.0007108949732435718,0.0,nan
28,32,0.0011112051632980492,0.0,nan
28,33,0.0009158980783487867,0.0,nan
28,34,0.0015366571459250879,0.0,nan
28,35,0.0005267705753157997,0.0,nan
28,36,0.0012485279044743437,0.0625,nan
28,37,0.0024121914158577347,0.125,nan
28,38,0.001048930046471754,0.0625,nan
28,39,0.0005500772540814451,0.0,nan
28,40,0.0005081086430990878,0.0,nan
28,41,0.0019253987122739655,0.0,nan
28,42,0.0034021308699485045,0.0,nan
28,43,0.001357614322931201,0.0,nan
28,44,0.0007868814041683458,0.0,nan
28,45,0.002922161316624294,0.0625,nan
28,46,0.0015917768770038407,0.0625,nan
28,47,0.0014115943651708278,0.0,nan
28,48,0.0006848950136718548,0.0,nan
28,49,0.0018184311957011607,0.1875,nan
28,50,0.0012013616920305038,0.0,nan
28,51,0.0007902012448768663,0.0,nan
28,52,0.0011832912838760125,0.0,nan
28,53,0.0007305958915088567,0.0,nan
28,54,0.0007739124358452846,0.0,nan
28,55,0.0014673379523478993,0.0,nan
28,56,0.0007060052582139321,0.0,nan
28,57,0.0010164440681542887,0.0625,nan
28,58,0.0006152679360574768,0.0,nan
28,59,0.0029872157407526126,0.25,nan
28,60,0.0009922299269436103,0.0,nan
28,61,0.0012728337520409383,0.0,nan
28,62,0.0004860373905248511,0.0,nan
28,63,0.0025909689972599672,0.125,nan
28,64,0.0006077459917449671,0.0625,nan
28,65,0.0008647352749919418,0.0,nan
28,66,0.0011403126370951146,0.0,nan
28,67,0.002103712622800788,0.0,nan
28,68,0.0012757688720817814,0.0,nan
28,69,0.0009456364289509877,0.0,nan
28,70,0.00043401056719560014,0.0,nan
28,71,0.0018263057838366697,0.125,nan
28,72,0.000588857326226815,0.0625,nan
28,73,0.0006347096074425073,0.0,nan
28,74,0.001001636048711241,0.0625,nan
28,75,0.0013624285065987703,0.0,nan
28,76,0.0008547961110320828,0.125,nan
28,77,0.0008628760047444803,0.0,nan
28,78,0.0008692179268254899,0.0,nan
28,79,0.0006528639547596908,0.0,nan
28,80,0.001338466156630443,0.0,nan
28,81,0.00240910502737874,0.125,nan
28,82,0.000790001915271161,0.0,nan
28,83,0.0011677391247699653,0.0,nan
28,84,0.0015553208348335194,0.0625,nan
28,85,0.0005761905279693142,0.0,nan
28,86,0.0006973119364687027,0.0,nan
28,87,0.0017770233166101265,0.0625,nan
28,88,0.0005421342944966622,0.0625,nan
28,89,0.001067080668734696,0.0,nan
28,90,0.0008801507053426651,0.0625,nan
28,91,0.002020348109118616,0.0625,nan
28,92,0.0005617386095111679,0.0,nan
28,93,0.0008733859671246872,0.0625,nan
28,94,0.0017357958829600766,0.0,nan
28,95,0.001413095653061983,0.0,nan
28,96,0.0010596562391587709,0.0625,nan
28,97,0.0014331308781854262,0.0,nan
28,98,0.0007242659275404969,0.0625,nan
28,99,0.001334496035912268,0.0,nan
29,0,0.0015611879768340285,0.0,nan
29,1,0.0008053799269366979,0.0,nan
29,2,0.0005204004701995225,0.0,nan
29,3,0.0012727601121497608,0.0,nan
29,4,0.004335954878095827,0.0625,nan
29,5,0.001556302088917884,0.0625,nan
29,6,0.0017966137454148887,0.0625,nan
29,7,0.0010039323206360948,0.0,nan
29,8,0.0005518550210369918,0.0625,nan
29,9,0.010705195484078032,0.3125,nan
29,10,0.0017894211200595585,0.0625,nan
29,11,0.0007526155021813421,0.0,nan
29,12,0.000862151521926691,0.0,nan
29,13,0.0004224043732244307,0.0,nan
29,14,0.0006020887500624548,0.0,nan
29,15,0.0011045738041863707,0.0625,nan
29,16,0.002220235046322877,0.0,nan
29,17,0.0003346816590421063,0.0,nan
29,18,0.0012687961232115189,0.0,nan
29,19,0.0016488413027155504,0.125,nan
29,20,0.0014948802827739237,0.0,nan
29,21,0.0004387720621557312,0.0,nan
29,22,0.0007878182323604952,0.0,nan
29,23,0.0019056724922811691,0.0,nan
29,24,0.0015245860587731943,0.0625,nan
29,25,0.0040509222884761425,0.125,nan
29,26,0.001487986492148782,0.0,nan
29,27,0.0009144894332806289,0.0,nan
29,28,0.0016529698621470783,0.0625,nan
29,29,0.001502493069572584,0.0625,nan
29,30,0.002008197920689795,0.0,nan
29,31,0.0005291137848087219,0.0,nan
29,32,0.0008763765717713728,0.0,nan
29,33,0.0008603650761069216,0.0625,nan
29,34,0.0018273830194157111,0.0,nan
29,35,0.0013777016336768801,0.0,nan
29,36,0.0006530791778564442,0.0,nan
29,37,0.0006860924795504328,0.0,nan
29,38,0.0015288010722073128,0.0,nan
29,39,0.0018813238129657959,0.0,nan
29,40,0.004617135647401498,0.0625,nan
29,41,0.0013770006145003583,0.0,nan
29,42,0.001333758607216054,0.0,nan
29,43,0.0008721676921859475,0.0,nan
29,44,0.0012612489044479718,0.0,nan
29,45,0.0021547997829447557,0.0625,nan
29,46,0.0008805019224118484,0.0625,nan
29,47,0.00148156919246496,0.0625,nan
29,48,0.000844093384113798,0.0,nan
29,49,0.0034879552155779696,0.1875,nan
29,50,0.002073558971910093,0.0,nan
29,51,0.0011717888078878178,0.0,nan
29,52,0.001772917497553603,0.0625,nan
29,53,0.001191638470277429,0.0,nan
29,54,0.0014295306216718705,0.0,nan
29,55,0.0004682608543832251,0.0,nan
29,56,0.0005482418236317079,0.0,nan
29,57,0.0011879920164112028,0.0,nan
29,58,0.0012986120587293922,0.0,nan
29,59,0.0008296993410704893,0.0,nan
29,60,0.0007374246410599349,0.0,nan
29,61,0.0014409806333393325,0.0,nan
29,62,0.0015922052197967324,0.0,nan
29,63,0.0012652690149378774,0.0,nan
29,64,0.0014058257087923303,0.0625,nan
29,65,0.0004518278291005903,0.0,nan
29,66,0.003812896106556218,0.1875,nan
29,67,0.0013168634036969358,0.0,nan
29,68,0.0007599640372977544,0.0,nan
29,69,0.002841140159150542,0.0625,nan
29,70,0.0011760168749469417,0.0,nan
29,71,0.0025317311650999937,0.0625,nan
29,72,0.001352541743455411,0.0,nan
29,73,0.001343270664474581,0.0,nan
29,74,0.0013218614117238995,0.0,nan
29,75,0.0008053109585247482,0.0,nan
29,76,0.0016019772493320004,0.0,nan
29,77,0.0008517005610226949,0.0625,nan
29,78,0.0014437433906247122,0.0625,nan
29,79,0.0019597826849612793,0.125,nan
29,80,0.000753393077338582,0.0,nan
29,81,0.0006090511799764005,0.0,nan
29,82,0.0016261837684750859,0.0,nan
29,83,0.001666629357359251,0.0,nan
29,84,0.0010915376593303649,0.0,nan
29,85,0.0015566851510751853,0.125,nan
29,86,0.0011147467451086092,0.125,nan
29,87,0.0009076272881953318,0.0,nan
29,88,0.0010978686471898062,0.0,nan
29,89,0.0007042864804979887,0.0,nan
29,90,0.0006803993453310325,0.0,nan
29,91,0.0005748508465102345,0.125,nan
29,92,0.0006066262140233757,0.0,nan
29,93,0.0010475119147583662,0.0,nan
29,94,0.000760890627046371,0.0,nan
29,95,0.0013117519027123058,0.1875,nan
29,96,0.0009337928234327694,0.0,nan
29,97,0.0013507290496854222,0.0,nan
29,98,0.0006544844531116954,0.0,nan
29,99,0.002856051392406761,0.0625,nan
30,0,0.0008877746428614124,0.0,nan
30,1,0.002730386386812127,0.0625,nan
30,2,0.0012668405176879012,0.0,nan
30,3,0.0011705996520313278,0.0,nan
30,4,0.0018305508004492945,0.0,nan
30,5,0.0009604419395564164,0.0,nan
30,6,0.0010278834381122646,0.0,nan
30,7,0.0010482313544847013,0.0,nan
30,8,0.0007513906401788847,0.0,nan
30,9,0.007687779590850787,0.1875,nan
30,10,0.0017328493457238973,0.0,nan
30,11,0.0008268124210789644,0.0,nan
30,12,0.0043936603904372925,0.0,nan
30,13,0.0006698082438315125,0.0,nan
30,14,0.0005928797079643485,0.0,nan
30,15,0.0019651401485574573,0.0,nan
30,16,0.00037352538754722986,0.0,nan
30,17,0.0028506623369846922,0.125,nan
30,18,0.000923520405560922,0.0,nan
30,19,0.0010581174093901395,0.0,nan
30,20,0.0014203548128826466,0.0625,nan
30,21,0.0005639702674100916,0.0,nan
30,22,0.003242114519368245,0.125,nan
30,23,0.002005331293048152,0.0625,nan
30,24,0.0004713390034791703,0.0,nan
30,25,0.0004897927544605718,0.0,nan
30,26,0.0008278385299971406,0.0,nan
30,27,0.0010171226105355194,0.0,nan
30,28,0.0018401457843745359,0.0,nan
30,29,0.0010262231211374015,0.0,nan
30,30,0.0010137730391297749,0.0,nan
30,31,0.001364728676224608,0.0,nan
30,32,0.0009855645416710131,0.0625,nan
30,33,0.0008597873268857405,0.0,nan
30,34,0.0005710263440480872,0.0,nan
30,35,0.0018418975780826457,0.1875,nan
30,36,0.0018377457499256682,0.0,nan
30,37,0.0025758961916911736,0.0,nan
30,38,0.0016648068036464714,0.0,nan
30,39,0.0006131952244583102,0.0,nan
30,40,0.0007305546907860226,0.0,nan
30,41,0.0005897449642777279,0.0625,nan
30,42,0.0010894297586920715,0.0625,nan
30,43,0.00061625934100898,0.0,nan
30,44,0.001333110788763369,0.0,nan
30,45,0.0005923984083102999,0.0,nan
30,46,0.00550822369219039,0.0,nan
30,47,0.00047089682493071656,0.0,nan
30,48,0.0007176702775037245,0.0,nan
30,49,0.0005361960287249267,0.0,nan
30,50,0.003523483769597868,0.1875,nan
30,51,0.000983672708647519,0.0,nan
30,52,0.0003182680742937858,0.0,nan
30,53,0.001615568088703656,0.0,nan
30,54,0.0005395511213497142,0.0,nan
30,55,0.0008276180842369495,0.0,nan
30,56,0.0018243289150300128,0.0,nan
30,57,0.0015056652356228266,0.0625,nan
30,58,0.00042770675581787056,0.0,nan
30,59,0.0003080647259046023,0.0,nan
30,60,0.0006044966154521716,0.0,nan
30,61,0.0028957614627172857,0.0625,nan
30,62,0.0013718114413764461,0.0,nan
30,63,0.0018103505162940436,0.0,nan
30,64,0.0005986537365738938,0.0,nan
30,65,0.0018229268321754899,0.0625,nan
30,66,0.0012693930602762729,0.0,nan
30,67,0.0010940809763540663,0.0,nan
30,68,0.0007075165070286344,0.0,nan
30,69,0.0025898588327231058,0.0625,nan
30,70,0.001305443203491388,0.0625,nan
30,71,0.0007851185431213464,0.0,nan
30,72,0.0013626528602734892,0.0625,nan
30,73,0.00048367407691665915,0.0,nan
30,74,0.001976245870933641,0.0,nan
30,75,0.0008333961980870367,0.0,nan
30,76,0.0005881203154939464,0.0,nan
30,77,0.0011208539099588552,0.0625,nan
30,78,0.00030744858980936805,0.0,nan
30,79,0.0006868536947412269,0.0,nan
30,80,0.0020135243219188952,0.0,nan
30,81,0.0005373960792666754,0.0,nan
30,82,0.0005849346459130982,0.0,nan
30,83,0.0009573467824538466,0.0,nan
30,84,0.0004915403287020191,0.0,nan
30,85,0.0017052012084217071,0.0625,nan
30,86,0.0005787080876839056,0.0,nan
30,87,0.0007096862581725965,0.0625,nan
30,88,0.0009368364273667057,0.0,nan
30,89,0.0007111404642066593,0.0,nan
30,90,0.000932085023124492,0.0,nan
30,91,0.00184613253593956,0.0,nan
30,92,0.002192957799713309,0.0625,nan
30,93,0.001119797572357063,0.0625,nan
30,94,0.0008905890359445246,0.0,nan
30,95,0.0017716563162913988,0.125,nan
30,96,0.0010119456202702833,0.0,nan
30,97,0.0008435390469903371,0.0,nan
30,98,0.0010231876769702132,0.125,nan
30,99,0.0006144356009108859,0.0,nan
31,0,0.0008697547641314857,0.0,nan
31,1,0.004790309784081026,0.1875,nan
31,2,0.0013063352277209613,0.0,nan
31,3,0.0004993305971845244,0.0,nan
31,4,0.0014047715833302356,0.0625,nan
31,5,0.00281828857456959,0.125,nan
31,6,0.0013543196582737399,0.0,nan
31,7,0.0016721264486545147,0.0,nan
31,8,0.0027219819296107946,0.0,nan
31,9,0.0013642244847611338,0.0625,nan
31,10,0.000993432689473348,0.0,nan
31,11,0.0016643982981066777,0.0625,nan
31,12,0.0015879858857816504,0.1875,nan
31,13,0.0005088515286358578,0.0,nan
31,14,0.00133210483601411,0.0,nan
31,15,0.0015776101232877994,0.0,nan
31,16,0.0008655096159446629,0.0,nan
31,17,0.0016549231740495044,0.0,nan
31,18,0.0007545922557442796,0.0,nan
31,19,0.005119547623258535,0.0625,nan
31,20,0.0006053321032143879,0.0,nan
31,21,0.0005541589552962219,0.0,nan
31,22,0.0008443751585314532,0.0,nan
31,23,0.0009366288160966328,0.0,nan
31,24,0.0012976350843401944,0.0625,nan
31,25,0.0012992716729302574,0.0,nan
31,26,0.0004701662258541177,0.0,nan
31,27,0.0011679560067998699,0.0,nan
31,28,0.0017954871728764724,0.0,nan
31,29,0.002089818398168637,0.0,nan
31,30,0.0011590521115728987,0.0625,nan
31,31,0.0007929226521722547,0.0,nan
31,32,0.0012373128027521338,0.0,nan
31,33,0.0017732180683723514,0.125,nan
31,34,0.0033899829248586924,0.1875,nan
31,35,0.0011722161573422905,0.0,nan
31,36,0.0008809640519301818,0.0,nan
31,37,0.0009898392518670638,0.0,nan
31,38,0.0022185747889354305,0.0,nan
31,39,0.00038323415292003805,0.0,nan
31,40,0.0012492568643954912,0.0,nan
31,41,0.0008869483748365943,0.0,nan
31,42,0.0004979631817587576,0.0,nan
31,43,0.0002008518142122402,0.0,nan
31,44,0.0007913160986872882,0.0,nan
31,45,0.0013533001853946074,0.0625,nan
31,46,0.00047279552448397717,0.0,nan
31,47,0.0008168762685821974,0.0,nan
31,48,0.001062006453157056,0.0,nan
31,49,0.0008150858747407838,0.0,nan
31,50,0.000756671013620333,0.0,nan
31,51,0.0016998336431129338,0.1875,nan
31,52,0.0011587845667091017,0.0,nan
31,53,0.0007364739941264232,0.0,nan
31,54,0.0012997304483751606,0.0,nan
31,55,0.0005966248673539972,0.0,nan
31,56,0.002774919707920868,0.0,nan
31,57,0.0011075833682798147,0.0625,nan
31,58,0.0007580250010417032,0.0,nan
31,59,0.008017914277633818,0.25,nan
31,60,0.0014825486634157553,0.0,nan
31,61,0.001664673429339322,0.0,nan
31,62,0.0007967067947062837,0.0625,nan
31,63,0.0024792670656417415,0.0625,nan
31,64,0.0006777561096821261,0.0,nan
31,65,0.001163918522249312,0.0,nan
31,66,0.000542979472088431,0.0,nan
31,67,0.0005077170343778039,0.0,nan
31,68,0.0006728565931668983,0.0,nan
31,69,0.0005323469769349667,0.0,nan
31,70,0.0011241376762168057,0.0,nan
31,71,0.0005133253199077813,0.0,nan
31,72,0.0016007172985139533,0.0,nan
31,73,0.0002939351758194028,0.0,nan
31,74,0.0012650798589051095,0.0,nan
31,75,0.0006206623705655507,0.0,nan
31,76,0.0005651158968227016,0.0,nan
31,77,0.0008259933134918305,0.0,nan
31,78,0.0014855400817689506,0.0,nan
31,79,0.0009616302804729094,0.0,nan
31,80,0.0012366474386906134,0.0,nan
31,81,0.0010292004169510237,0.0,nan
31,82,0.0011694353699727095,0.0,nan
31,83,0.0014123386425769315,0.125,nan
31,84,0.0015763540076692288,0.0,nan
31,85,0.0009247118819321809,0.0,nan
31,86,0.0007020381137764966,0.0,nan
31,87,0.0014228495957504987,0.0,nan
31,88,0.0006741929757097082,0.0,nan
31,89,0.00044747460985602365,0.0,nan
31,90,0.0006893973541527785,0.0,nan
31,91,0.0005412905427640152,0.0,nan
31,92,0.0011373755124232093,0.0625,nan
31,93,0.0020871608846354983,0.0,nan
31,94,0.0012126775093402474,0.0625,nan
31,95,0.0006863424156464161,0.0,nan
31,96,0.0014861478302742195,0.0,nan
31,97,0.0009465041736183386,0.0625,nan
31,98,0.000961043721172285,0.0,nan
31,99,0.0006929755865780383,0.0,nan
32,0,0.0014553275768254491,0.0,nan
32,1,0.0017503098694775865,0.0,nan
32,2,0.001609948554413757,0.0,nan
32,3,0.002366514981685825,0.0625,nan
32,4,0.0025351578617803065,0.0625,nan
32,5,0.0008206445946730681,0.0625,nan
32,6,0.0013077696284504606,0.0,nan
32,7,0.000803828110045583,0.0,nan
32,8,0.0012211559678166305,0.0,nan
32,9,0.0016698600461406005,0.0,nan
32,10,0.0006423838715298828,0.0,nan
32,11,0.0004827363540954958,0.0,nan
32,12,0.0016960924714869113,0.0625,nan
32,13,0.0003638787263099171,0.0,nan
32,14,0.00041268744750523677,0.0625,nan
32,15,0.0006152338991271532,0.0,nan
32,16,0.00018036533636864438,0.0,nan
32,17,0.0009108211557383383,0.0,nan
32,18,0.0007857258605881154,0.0,nan
32,19,0.0008490418567097168,0.0,nan
32,20,0.0005839136388089855,0.0,nan
32,21,0.0004899537110907295,0.0,nan
32,22,0.0007815768834189901,0.0,nan
32,23,0.0009709457231540691,0.0,nan
32,24,0.0006833353402089955,0.0,nan
32,25,0.0013031584469679674,0.0,nan
32,26,0.0004853699243664525,0.0,nan
32,27,0.001468234756943339,0.0,nan
32,28,0.0008848227888091846,0.0,nan
32,29,0.0012873483816305798,0.0,nan
32,30,0.0008628000613541452,0.0,nan
32,31,0.0015178757208601811,0.125,nan
32,32,0.00046353478668331944,0.0,nan
32,33,0.0005885992425017654,0.0,nan
32,34,0.00187859863748483,0.0,nan
32,35,0.00155601242973621,0.0,nan
32,36,0.0005376479227912338,0.0,nan
32,37,0.00046476295875110603,0.0,nan
32,38,0.0008092894775235501,0.0,nan
32,39,0.0005794615589738724,0.0,nan
32,40,0.0005035772374818097,0.0,nan
32,41,0.0008529763937972777,0.0,nan
32,42,0.0008014767050578671,0.0,nan
32,43,0.000799855356424144,0.0,nan
32,44,0.0010481608266782513,0.0,nan
32,45,0.000829571065515031,0.0,nan
32,46,0.0009715884204538896,0.0,nan
32,47,0.0010563144685156874,0.0,nan
32,48,0.0008137147808745721,0.0,nan
32,49,0.0007034565076980699,0.0,nan
32,50,0.0006489889182377422,0.0,nan
32,51,0.0003857387310829499,0.0,nan
32,52,0.0018342300684130299,0.0,nan
32,53,0.0007632480128907712,0.0,nan
32,54,0.0008354050491640684,0.0,nan
32,55,0.0016159386884147444,0.0,nan
32,56,0.0009888675798900217,0.0,nan
32,57,0.0006355618339234084,0.0,nan
32,58,0.0006551375103285358,0.0,nan
32,59,0.0006748760424126175,0.0625,nan
32,60,0.001039737221013041,0.0,nan
32,61,0.0013771667273853468,0.0,nan
32,62,0.0007409472803270808,0.0,nan
32,63,0.0019517158716811605,0.0,nan
32,64,0.0007609507290563219,0.0,nan
32,65,0.0004908091278983184,0.0,nan
32,66,0.000866839977781184,0.0625,nan
32,67,0.0007374701243583154,0.0,nan
32,68,0.0007523686411756239,0.0,nan
32,69,0.0008006624165486191,0.0,nan
32,70,0.0008490691760424726,0.0,nan
32,71,0.0009442630162920925,0.0625,nan
32,72,0.0012112264737747485,0.0625,nan
32,73,0.002054579640593663,0.0,nan
32,74,0.0007356735458374142,0.0,nan
32,75,0.0013200664246571189,0.0,nan
32,76,0.0006201283343953495,0.0,nan
32,77,0.0005675710999768211,0.0,nan
32,78,0.0008339457146242287,0.0,nan
32,79,0.0014649610019776822,0.0,nan
32,80,0.0003201262163894945,0.0,nan
32,81,0.0007002775287140591,0.0,nan
32,82,0.001736388523150977,0.0625,nan
32,83,0.0007531625813984535,0.0,nan
32,84,0.0012589332604461532,0.0,nan
32,85,0.001714679094838413,0.0,nan
32,86,0.00014090820101986108,0.0,nan
32,87,0.00029051093794605487,0.0,nan
32,88,0.00054851833658115,0.0,nan
32,89,0.0013541782153244923,0.0,nan
32,90,0.0008278402137366035,0.0,nan
32,91,0.0005863118061473621,0.0,nan
32,92,0.0008568753399393836,0.0625,nan
32,93,0.0006090960179954448,0.0,nan
32,94,0.0006378472028659926,0.0,nan
32,95,0.0009056246966796469,0.0,nan
32,96,0.001028786840743713,0.0,nan
32,97,0.001063776601396367,0.0,nan
32,98,0.0007725610440343104,0.0,nan
32,99,0.001704987186861415,0.0,nan
33,0,0.001465813930966414,0.0,nan
33,1,2.7545096192317527e-05,0.0,nan
33,2,0.0008650464312436657,0.0,nan
33,3,0.0005614789116273769,0.0,nan
33,4,0.0006045760187631579,0.0625,nan
33,5,0.001249308489804036,0.125,nan
33,6,0.0009450133775391644,0.0,nan
33,7,0.001595490594732641,0.0,nan
33,8,0.0006335343836993295,0.0,nan
33,9,0.0010815476953904754,0.0,nan
33,10,0.0006448178986895227,0.0,nan
33,11,0.0022028850342018912,0.0,nan
33,12,0.0017487240698033529,0.0625,nan
33,13,0.0005766012653552529,0.0625,nan
33,14,0.00066153332986065,0.0,nan
33,15,0.0005548341694667357,0.0,nan
33,16,0.001311866111709286,0.0,nan
33,17,0.0011246685170200259,0.0,nan
33,18,0.0004963517934733756,0.0,nan
33,19,0.0010556842553141954,0.0625,nan
33,20,0.0013636603026172122,0.0,nan
33,21,0.0007108080511500942,0.0,nan
33,22,0.0008208692071463889,0.0,nan
33,23,0.0012979205649268034,0.0,nan
33,24,0.0008568204248304975,0.0625,nan
33,25,0.0012094998052590606,0.0,nan
33,26,0.0008708273309787006,0.0,nan
33,27,0.0007265437992496885,0.0,nan
33,28,0.0021065793194457874,0.0625,nan
33,29,0.0014800046335527225,0.0,nan
33,30,0.0011507947472200186,0.0,nan
33,31,0.0008798556933971326,0.0,nan
33,32,0.000414382592455189,0.0,nan
33,33,0.0014311290191813615,0.0625,nan
33,34,0.0008187542060822158,0.0,nan
33,35,0.001173954243054633,0.0,nan
33,36,0.0007306770300328936,0.0,nan
33,37,0.0008096140740856553,0.0,nan
33,38,0.0005614569175369498,0.0,nan
33,39,0.0006393678658951276,0.0,nan
33,40,0.0010109351680559935,0.0,nan
33,41,0.000934986186401881,0.0,nan
33,42,0.0007591509328573811,0.0,nan
33,43,0.00048112660155492665,0.0,nan
33,44,0.00048197529686023533,0.0,nan
33,45,0.0012654138669460795,0.0,nan
33,46,0.0012304997527121512,0.0,nan
33,47,0.0007284241788905124,0.0,nan
33,48,0.00041088266871837093,0.0,nan
33,49,0.00035552753231939084,0.0,nan
33,50,0.0004092522165505875,0.0,nan
33,51,0.002033409991111313,0.0625,nan
33,52,0.0024327491045491867,0.0625,nan
33,53,0.0006696331823072288,0.0,nan
33,54,0.0007929244778334372,0.0,nan
33,55,0.00042603751668641543,0.0,nan
33,56,0.0006887048127952858,0.0,nan
33,57,0.0008556476121461456,0.0,nan
33,58,0.0012727341455659792,0.0,nan
33,59,0.0011530642370612355,0.1875,nan
33,60,0.0004619035208414776,0.0,nan
33,61,0.0006081028176128881,0.0,nan
33,62,0.0007437881382447251,0.0,nan
33,63,0.0008351588020798493,0.0,nan
33,64,0.0016524854735041512,0.0,nan
33,65,0.002280043268442361,0.0,nan
33,66,0.0009381275354291349,0.0,nan
33,67,0.0006310666393994041,0.0,nan
33,68,0.0009127608906849478,0.0,nan
33,69,0.0004886259290578922,0.0,nan
33,70,0.0007171491138692605,0.0,nan
33,71,0.00027986849958814945,0.0,nan
33,72,0.0011223078915818556,0.0,nan
33,73,0.0009192771922323895,0.0,nan
33,74,0.0007987343669263009,0.0,nan
33,75,0.0006754007249396137,0.0,nan
33,76,0.0005486108922058636,0.0,nan
33,77,0.0005686964689443482,0.0,nan
33,78,0.001573952975337146,0.0,nan
33,79,0.001114209831618824,0.0,nan
33,80,0.0009560297611783088,0.0,nan
33,81,0.0004522093088339108,0.0,nan
33,82,0.0006682773452562738,0.0625,nan
33,83,0.0008070719658782618,0.0,nan
33,84,0.00024908544882002294,0.0625,nan
33,85,0.0019090880079769288,0.0,nan
33,86,0.0004924538547122663,0.0,nan
33,87,0.0024735543539415985,0.0,nan
33,88,0.0007761906312481832,0.0,nan
33,89,0.001440474755528175,0.0,nan
33,90,0.001153028688519708,0.0,nan
33,91,0.0009790916687464945,0.0,nan
33,92,0.0011358968177024313,0.0,nan
33,93,0.0005513264995263508,0.0,nan
33,94,0.0013575323556131963,0.0625,nan
33,95,0.0011131294508019045,0.0,nan
33,96,0.0012604703444826434,0.0,nan
33,97,0.0023361901207663194,0.0,nan
33,98,0.0013778099917209322,0.0,nan
33,99,0.001465112826091712,0.0,nan
34,0,0.0004834823797769869,0.0,nan
34,1,0.0006653074277392614,0.0,nan
34,2,0.0013376872766319766,0.0,nan
34,3,0.0006399347410389683,0.0,nan
34,4,0.0008859865448612612,0.0,nan
34,5,0.0005003938415641229,0.0,nan
34,6,0.0014309058257045326,0.0,nan
34,7,0.0018875899404609759,0.0,nan
34,8,0.0006864470927868702,0.0,nan
34,9,0.0003969116969053658,0.0625,nan
34,10,0.0008968204111961336,0.0,nan
34,11,0.0015250717263306551,0.125,nan
34,12,0.0013967295874063373,0.0625,nan
34,13,0.0013525222395674818,0.0625,nan
34,14,0.001802922413015603,0.0625,nan
34,15,0.0019266571257632982,0.0625,nan
34,16,0.0006298881373218028,0.0,nan
34,17,0.004267045894221484,0.0,nan
34,18,0.0009642126877783363,0.0,nan
34,19,0.0009330962317482839,0.0,nan
34,20,0.0006660497800779321,0.0,nan
34,21,0.0018064660783385026,0.0,nan
34,22,0.000859089953119378,0.0,nan
34,23,0.000559554698093323,0.0,nan
34,24,0.0028568162590586208,0.0625,nan
34,25,0.0006845225028648152,0.0,nan
34,26,0.0005730808917941022,0.0,nan
34,27,0.0010722132178926443,0.0625,nan
34,28,0.0002570366482459131,0.0,nan
34,29,0.0009871152285491432,0.0,nan
34,30,0.0004589727163572347,0.0625,nan
34,31,0.0006147834163046775,0.0,nan
34,32,0.0009289116638357246,0.0625,nan
34,33,0.0006805600287061348,0.0,nan
34,34,0.0006537197099214655,0.125,nan
34,35,0.0005349013327548499,0.0,nan
34,36,0.0004453392943970576,0.0,nan
34,37,0.0008175759547921183,0.0,nan
34,38,0.0004962124082721848,0.0,nan
34,39,0.000981017190519115,0.0625,nan
34,40,0.0008120223900110804,0.0,nan
34,41,0.0013424130978610654,0.0,nan
34,42,0.0009192674161387596,0.0,nan
34,43,0.0009168559868603654,0.0,nan
34,44,0.000567307429140688,0.0,nan
34,45,0.0013959598920935202,0.0,nan
34,46,0.0004026065238591643,0.0,nan
34,47,0.0004075818995788216,0.0,nan
34,48,0.0011294988940637237,0.0,nan
34,49,0.0009562964296605107,0.0,nan
34,50,0.0011327381364437381,0.0625,nan
34,51,0.0005476776687476004,0.0,nan
34,52,0.000506717681511185,0.0,nan
34,53,0.0007621391208046157,0.0625,nan
34,54,0.000415801321663573,0.0,nan
34,55,0.0003217623521371379,0.0,nan
34,56,0.0003877165291453156,0.0,nan
34,57,0.0015444168287146363,0.0,nan
34,58,0.0007882888086108827,0.0,nan
34,59,0.0005509359382587078,0.0,nan
34,60,0.00012800965259477482,0.0,nan
34,61,0.0005692742104515248,0.0,nan
34,62,0.001017508815540405,0.0,nan
34,63,0.0009876314086438233,0.0,nan
34,64,0.002228017320101184,0.0,nan
34,65,0.0010270169735361121,0.0625,nan
34,66,0.0013938890972356858,0.0,nan
34,67,0.00038871166496957715,0.0,nan
34,68,0.0002928187373926873,0.0,nan
34,69,0.0003666995591834366,0.0,nan
34,70,0.0010497616445052566,0.0,nan
34,71,0.0009027813952507257,0.0,nan
34,72,0.002207507726986571,0.0,nan
34,73,0.0009206951043302763,0.0,nan
34,74,0.000741072544777678,0.0,nan
34,75,0.0009587975774775482,0.0625,nan
34,76,0.0006534659406557443,0.0,nan
34,77,0.001299139200311523,0.0625,nan
34,78,0.0006512687014227644,0.0,nan
34,79,0.0009598849897777654,0.0,nan
34,80,0.0010691755570996799,0.0,nan
34,81,0.0011348676468961878,0.0,nan
34,82,0.0005366839565829095,0.0625,nan
34,83,0.0014014129310014208,0.0,nan
34,84,0.0005517695764541001,0.0,nan
34,85,0.0015674143717588516,0.0,nan
34,86,0.0005044518565197677,0.0,nan
34,87,0.0020880962955335085,0.0,nan
34,88,0.00024749063199154217,0.0,nan
34,89,0.00061929446901493,0.0,nan
34,90,0.0004419229425861131,0.0,nan
34,91,0.002391617541262301,0.125,nan
34,92,0.002116008753809127,0.0625,nan
34,93,0.0005954853004329201,0.0,nan
34,94,0.0011299010298571872,0.0,nan
34,95,0.0004211471308045053,0.0,nan
34,96,0.0005669797851277158,0.0,nan
34,97,0.0009206001454822989,0.0,nan
34,98,0.0014894188007488743,0.0,nan
34,99,0.000885848740781045,0.0,nan
35,0,0.0006100681812525174,0.0625,nan
35,1,0.0019021706057700059,0.0625,nan
35,2,0.0008183136020035244,0.0,nan
35,3,0.001037925910507693,0.0,nan
35,4,0.011387049440690541,0.25,nan
35,5,0.005086013385652772,0.125,nan
35,6,0.002220623150545968,0.0,nan
35,7,0.0007852031446711846,0.0,nan
35,8,0.0008031906166017745,0.0,nan
35,9,0.0009928796594087254,0.0,nan
35,10,0.00028483704355494017,0.0,nan
35,11,0.0008713554351648081,0.0,nan
35,12,0.0008133954674049985,0.0625,nan
35,13,0.0009351061877709533,0.0,nan
35,14,0.0009521800376068153,0.0,nan
35,15,0.001553545537608767,0.0625,nan
35,16,0.0005726262902391276,0.0,nan
35,17,0.005261964446390478,0.1875,nan
35,18,0.0006780663469809186,0.0,nan
35,19,0.0011441047059977084,0.0,nan
35,20,0.00075117726025799,0.0,nan
35,21,0.0006635378205065913,0.0,nan
35,22,0.0013160592398393416,0.0625,nan
35,23,0.00118524184108032,0.0,nan
35,24,0.0005501060701326262,0.0,nan
35,25,0.001602042554808399,0.0,nan
35,26,0.0005863107223581556,0.0,nan
35,27,0.0008192513482810388,0.0,nan
35,28,0.0010789067885700633,0.0,nan
35,29,0.0007611714730058391,0.0,nan
35,30,0.00048300184499840685,0.0,nan
35,31,0.0007562741199029733,0.0,nan
35,32,0.0006939181299294627,0.0,nan
35,33,0.00012903400999135457,0.0,nan
35,34,0.000973547654129041,0.0,nan
35,35,0.0007789117895440134,0.0,nan
35,36,0.0004036166590217087,0.0,nan
35,37,0.001526865408443967,0.0,nan
35,38,0.0013172147197469237,0.0625,nan
35,39,0.0005665708097784311,0.0,nan
35,40,0.0010913643666396263,0.0625,nan
35,41,0.0007537841488352087,0.0,nan
35,42,0.000995020255479547,0.0625,nan
35,43,0.0012470016731369851,0.0,nan
35,44,0.0005791067457292809,0.0,nan
35,45,0.000544029848269089,0.0,nan
35,46,0.0012913676209456927,0.0625,nan
35,47,0.0007869208330868831,0.0,nan
35,48,0.0005072324638617993,0.0,nan
35,49,0.001866612211126031,0.0,nan
35,50,0.0018653926253459374,0.125,nan
35,51,0.00025889192067541375,0.0,nan
35,52,0.0004313200461149294,0.0,nan
35,53,0.0015704008762945968,0.0,nan
35,54,0.00040434537463886905,0.0,nan
35,55,0.0026740814714951927,0.0625,nan
35,56,0.0008343225077222392,0.0,nan
35,57,0.0011586082680784737,0.0625,nan
35,58,0.0012549195975235655,0.0,nan
35,59,0.0006357846882422467,0.0,nan
35,60,0.0004549324854569819,0.0,nan
35,61,0.0015041387945958612,0.0,nan
35,62,0.0012257711631945493,0.0,nan
35,63,0.0014088186144456203,0.125,nan
35,64,0.0013487130781373383,0.0,nan
35,65,0.001226522063319838,0.0,nan
35,66,0.0011447663412728585,0.0,nan
35,67,0.0008001011423822027,0.0,nan
35,68,0.0008277892736918565,0.0,nan
35,69,0.001985248469426618,0.0625,nan
35,70,0.0003555650919152057,0.0,nan
35,71,0.0006295935463258978,0.0,nan
35,72,0.0007617507782057343,0.0,nan
35,73,0.0005775582604426771,0.0,nan
35,74,0.00044804695079378486,0.0,nan
35,75,0.0016661445083015524,0.0625,nan
35,76,0.0006232511626793542,0.0,nan
35,77,0.001093848853850457,0.0,nan
35,78,0.0013867324412567353,0.0,nan
35,79,0.002352017215024872,0.1875,nan
35,80,0.001248453850697758,0.0,nan
35,81,0.0010723980281824256,0.0,nan
35,82,0.0009017050623023066,0.0,nan
35,83,0.0016380632713955507,0.0,nan
35,84,0.00038227933131561884,0.0,nan
35,85,0.0008408234740055664,0.0,nan
35,86,0.0006231923378518885,0.0,nan
35,87,0.0014560020253000351,0.0,nan
35,88,0.0004599381324306757,0.0,nan
35,89,0.0005110808705277316,0.0,nan
35,90,0.0005842259148850374,0.0,nan
35,91,0.0010263624199306144,0.0,nan
35,92,0.0005478058830067978,0.0,nan
35,93,0.00093728769327196,0.0625,nan
35,94,0.001062891398777093,0.0625,nan
35,95,0.0007582905847658124,0.0,nan
35,96,0.000783866602027116,0.0,nan
35,97,0.00276630115073486,0.0625,nan
35,98,0.0004413083896573711,0.0,nan
35,99,0.0006141520158555308,0.0,nan
36,0,0.0003825192364971902,0.0,nan
36,1,0.0007088679015628873,0.0,nan
36,2,0.000670478552994361,0.0,nan
36,3,0.0003358322070832898,0.0,nan
36,4,0.0017720970284871701,0.0625,nan
36,5,0.006829221725520527,0.25,nan
36,6,0.0007126574852274686,0.0,nan
36,7,0.0003450657506075735,0.0,nan
36,8,0.0007837037269846951,0.0,nan
36,9,0.00021232394676294603,0.0,nan
36,10,0.000855205386908521,0.0,nan
36,11,0.0008144188074045353,0.0,nan
36,12,0.0004091481446618597,0.0,nan
36,13,0.0007120178656672168,0.0,nan
36,14,0.00047929741041235997,0.0,nan
36,15,0.0008743237523500702,0.0,nan
36,16,0.00045046050530875,0.0,nan
36,17,0.0007001514104470199,0.0,nan
36,18,0.0006314406697428472,0.0,nan
36,19,0.0008814360731548966,0.0,nan
36,20,0.0005575222861897938,0.0625,nan
36,21,0.0010860836987328115,0.125,nan
36,22,0.0008035583090407367,0.0625,nan
36,23,9.7321736536371e-05,0.0,nan
36,24,0.0005406944501844754,0.0,nan
36,25,0.0001575103298244844,0.0,nan
36,26,0.0013485809262879153,0.0,nan
36,27,0.0026550822698946904,0.1875,nan
36,28,0.0006108143343429351,0.0,nan
36,29,0.001853163881604016,0.125,nan
36,30,0.00010527692818348195,0.0,nan
36,31,0.0017673674316285729,0.0,nan
36,32,0.0009018880413205132,0.0,nan
36,33,0.0006912388709828397,0.0,nan
36,34,0.0004633378600695298,0.0,nan
36,35,0.0001975868284132638,0.0,nan
36,36,0.0005257774403103521,0.0625,nan
36,37,0.0012057708829769998,0.0,nan
36,38,0.0007506593589298833,0.0,nan
36,39,0.0006680140822854744,0.0,nan
36,40,0.0007588428755191432,0.0,nan
36,41,0.00045033661585091363,0.0,nan
36,42,0.00019298331697303254,0.0,nan
36,43,0.00024958498915243684,0.0,nan
36,44,0.00044367732654184203,0.0,nan
36,45,0.0004744487827233459,0.0,nan
36,46,0.0005824519444713606,0.0625,nan
36,47,0.000464531673476745,0.0,nan
36,48,0.00042933555200479954,0.0,nan
36,49,0.0013132532041178263,0.125,nan
36,50,0.0012982172562380201,0.0,nan
36,51,0.0007584455287101724,0.0,nan
36,52,0.0005016490096636983,0.0,nan
36,53,0.0012719806129313882,0.0,nan
36,54,0.0007172848082749522,0.0,nan
36,55,0.0009324040471153465,0.0,nan
36,56,0.0021074365742074393,0.0625,nan
36,57,0.0016674910676700268,0.0625,nan
36,58,0.0008879676270214401,0.0,nan
36,59,0.0006608755699868859,0.0,nan
36,60,0.0005782940766775805,0.0,nan
36,61,0.0014174040712402157,0.0,nan
36,62,0.0008027183617561252,0.0,nan
36,63,0.0002812960690856575,0.0,nan
36,64,0.0009020275637108775,0.0,nan
36,65,0.0018407851932254818,0.0,nan
36,66,0.0006636702858384869,0.0,nan
36,67,0.0005203297824490905,0.0,nan
36,68,0.0004710831697990943,0.0,nan
36,69,0.0003576542092755384,0.0,nan
36,70,0.00037681744659325293,0.0,nan
36,71,0.0023507805368635656,0.125,nan
36,72,0.0004322603594977675,0.0,nan
36,73,0.0005316668611751725,0.0625,nan
36,74,0.000698414741566978,0.0625,nan
36,75,0.0008766711902927141,0.0,nan
36,76,0.0026549173598661435,0.0625,nan
36,77,0.0006083224064779593,0.0,nan
36,78,0.0004630370668189936,0.0625,nan
36,79,0.0005827551852934081,0.0625,nan
36,80,0.000619553455845443,0.0,nan
36,81,0.00029892593853260164,0.0,nan
36,82,0.002391501415211563,0.0,nan
36,83,0.00044664301836938385,0.0,nan
36,84,0.0009514953407124988,0.0,nan
36,85,0.00031357172095703345,0.0,nan
36,86,0.0014211027706635044,0.0,nan
36,87,0.0009722206294417125,0.0,nan
36,88,0.0006910586305241813,0.0,nan
36,89,0.0011132248572676207,0.0,nan
36,90,0.00028464287407255017,0.0,nan
36,91,0.00045381607418801614,0.0625,nan
36,92,0.0007670720913488615,0.0,nan
36,93,0.0002473030102379031,0.0,nan
36,94,0.0006503977807220011,0.0,nan
36,95,0.000835003430602482,0.0,nan
36,96,0.0007383921250536735,0.0,nan
36,97,0.003577627588113996,0.1875,nan
36,98,0.0004314050599097185,0.0,nan
36,99,0.0011041135292315187,0.0,nan
37,0,0.0006040794261012146,0.0,nan
37,1,0.0009700455659820365,0.0,nan
37,2,0.0013606098192207477,0.0,nan
37,3,0.0007233069697183533,0.0,nan
37,4,0.0032004191009966324,0.0625,nan
37,5,0.001002582083705656,0.0,nan
37,6,0.0004939087162360411,0.0,nan
37,7,0.0005832070186840826,0.0,nan
37,8,0.0007746063647503616,0.0,nan
37,9,0.0008116341797525571,0.0,nan
37,10,0.00047874803057466983,0.0625,nan
37,11,0.0005705662923247148,0.0,nan
37,12,0.0008734039552485528,0.0625,nan
37,13,0.0009624136913413841,0.0625,nan
37,14,0.0015918440265904879,0.125,nan
37,15,0.0005210288193099961,0.0,nan
37,16,0.0008052074298673602,0.0,nan
37,17,0.0017086555597288448,0.0625,nan
37,18,0.00022234160869349977,0.0,nan
37,19,0.0026018564589124775,0.0625,nan
37,20,0.0003204739227033266,0.0,nan
37,21,0.0017505072156748765,0.0625,nan
37,22,0.000991094487539992,0.0,nan
37,23,0.0010067007247884677,0.0,nan
37,24,0.0007487606185387278,0.0,nan
37,25,0.00034766817718443973,0.0,nan
37,26,0.002427607409065755,0.125,nan
37,27,0.0015081729418477549,0.0625,nan
37,28,0.0004447662169107905,0.0,nan
37,29,0.000910013012101643,0.0,nan
37,30,0.0005615755617059368,0.0,nan
37,31,0.0003034756730193905,0.0,nan
37,32,0.0031215493518269386,0.0625,nan
37,33,0.0012245394680192815,0.0,nan
37,34,0.0009760879694788256,0.0625,nan
37,35,0.0003834983419752914,0.0,nan
37,36,0.00041523203717056,0.0,nan
37,37,0.000912398675495499,0.0,nan
37,38,0.0012721936801684975,0.0625,nan
37,39,0.0010465726963949508,0.0,nan
37,40,0.00031984166480369166,0.0,nan
37,41,0.0005759587037703164,0.0,nan
37,42,0.001064489521853024,0.0,nan
37,43,0.0007740425097514073,0.0,nan
37,44,0.0007638547123781413,0.0,nan
37,45,0.0014161789730566896,0.0,nan
37,46,0.0003356417642698215,0.0,nan
37,47,0.0011851199425348146,0.0,nan
37,48,0.0010513623694367665,0.0,nan
37,49,0.0005213132412824643,0.0,nan
37,50,0.0029192867261043126,0.1875,nan
37,51,0.0009358952627577775,0.0,nan
37,52,0.001292716244500571,0.0625,nan
37,53,0.0006827840960739867,0.0,nan
37,54,0.0006910089914627702,0.0,nan
37,55,0.0013257601866223149,0.0,nan
37,56,0.0005011242883323087,0.0,nan
37,57,0.0004032648759413677,0.0,nan
37,58,0.002628008321214742,0.0625,nan
37,59,0.0017332355328632137,0.0,nan
37,60,0.0008295455487148449,0.0,nan
37,61,0.0006400685453095134,0.0,nan
37,62,0.00031666544656562936,0.0,nan
37,63,0.0005923998758546351,0.0,nan
37,64,0.000476409268040882,0.0,nan
37,65,0.0017667516656211123,0.0,nan
37,66,0.0009228249293062242,0.0,nan
37,67,0.0006977859411414031,0.0,nan
37,68,0.0005391460979203012,0.0,nan
37,69,0.0009457720640985148,0.0,nan
37,70,0.0006901601641608031,0.0,nan
37,71,0.0030681890628685396,0.125,nan
37,72,0.0004464373621568293,0.0,nan
37,73,0.0011083495353612595,0.0,nan
37,74,0.0005073698785543401,0.0,nan
37,75,0.001401093227238848,0.0,nan
37,76,0.0012168853730856965,0.0,nan
37,77,0.0007082379526196468,0.0,nan
37,78,0.000857937638902858,0.0,nan
37,79,0.0006447060580366036,0.0,nan
37,80,0.0012949411544697538,0.0625,nan
37,81,0.0003886627375280103,0.0,nan
37,82,0.0005382428274917266,0.0,nan
37,83,0.0003750637098757441,0.0,nan
37,84,0.0006038657494223736,0.0,nan
37,85,0.000737777416161386,0.0,nan
37,86,0.0008246207430125652,0.0,nan
37,87,0.0006357743857596078,0.0,nan
37,88,0.0010266663784007733,0.0,nan
37,89,0.0005247705185906904,0.0,nan
37,90,0.000639528494945453,0.0,nan
37,91,0.0017812590871061594,0.125,nan
37,92,0.0005471030637124697,0.0625,nan
37,93,0.0007082307244093199,0.0,nan
37,94,0.0008301237913908762,0.0,nan
37,95,0.0005235975400160972,0.0,nan
37,96,0.000368132914147833,0.0,nan
37,97,0.0012412974600858444,0.0625,nan
37,98,0.0008552052318370728,0.0,nan
37,99,0.0008262835014623707,0.0,nan
38,0,0.0005636840471390514,0.0,nan
38,1,0.0005316119004702515,0.0,nan
38,2,0.00032333491858101203,0.0,nan
38,3,0.0004041884531736934,0.0,nan
38,4,0.005076025765544403,0.125,nan
38,5,0.0003422224897473355,0.0,nan
38,6,0.0009410359607201164,0.0,nan
38,7,0.0008243059125072155,0.0,nan
38,8,0.001060772868054007,0.0625,nan
38,9,0.0021405231446498625,0.125,nan
38,10,0.000656408510918491,0.0,nan
38,11,0.0004315196612410312,0.0,nan
38,12,0.0005789066627480818,0.0,nan
38,13,0.0007047824750396029,0.0,nan
38,14,0.0006728978944037748,0.0,nan
38,15,0.0006037266549746437,0.0,nan
38,16,0.0005530410050350519,0.0,nan
38,17,0.0009317152254247306,0.0,nan
38,18,0.0007787016740819904,0.0,nan
38,19,0.00038532808451304716,0.0,nan
38,20,0.001455974521190623,0.0,nan
38,21,0.0023227457550627556,0.0625,nan
38,22,0.000776796971342314,0.0,nan
38,23,0.0009926651980808733,0.0,nan
38,24,0.0004152238863048501,0.0,nan
38,25,0.00015744667478825787,0.0,nan
38,26,0.00033998052751521476,0.0,nan
38,27,0.0005191450231263908,0.0625,nan
38,28,0.0001598377818810066,0.0,nan
38,29,0.0015031751275037634,0.0,nan
38,30,0.00042837665831186065,0.0,nan
38,31,0.0009281377199680706,0.0,nan
38,32,0.00027215488309046147,0.0,nan
38,33,0.00027005036268850995,0.0,nan
38,34,0.0007704812245056594,0.0625,nan
38,35,0.0015508520451386685,0.0,nan
38,36,0.0006993555579961192,0.0,nan
38,37,0.0014994683434682303,0.0,nan
38,38,0.0008352934467852021,0.0,nan
38,39,0.00047329792949733036,0.0,nan
38,40,0.0009026735109342401,0.0,nan
38,41,0.000465399861027557,0.0,nan
38,42,0.00013036788687759273,0.0,nan
38,43,0.0004055046948080442,0.0,nan
38,44,0.0019722953784144463,0.125,nan
38,45,0.0012090639610803154,0.0625,nan
38,46,0.0006289853010270881,0.0,nan
38,47,0.0013596169234060583,0.0,nan
38,48,0.00027774051507257634,0.0,nan
38,49,0.00047733087138331965,0.0,nan
38,50,0.0012073386653427601,0.0,nan
38,51,0.000993580900551197,0.0,nan
38,52,0.0002809734770765173,0.0,nan
38,53,0.0004117309916796687,0.0,nan
38,54,0.0009121974220323092,0.0,nan
38,55,0.0007481418220111768,0.0,nan
38,56,0.0006548318894078334,0.0,nan
38,57,0.0008785528145013801,0.0,nan
38,58,0.00027384326394157255,0.0,nan
38,59,0.0004790901597372825,0.0,nan
38,60,0.0007937187831526566,0.0,nan
38,61,0.0005389031414226039,0.0,nan
38,62,0.0013247059392185387,0.0625,nan
38,63,0.0007358810064169005,0.0,nan
38,64,0.00129109227415399,0.0,nan
38,65,0.00015078963622175136,0.0,nan
38,66,0.00088057628957194,0.0,nan
38,67,0.0004731630472843776,0.0,nan
38,68,0.0005864566668320415,0.0,nan
38,69,0.0006316010055956083,0.0,nan
38,70,0.00039323196470867695,0.0,nan
38,71,0.00031058322351139,0.0,nan
38,72,0.0010507733128411868,0.0,nan
38,73,0.0002464575242923735,0.0625,nan
38,74,0.00044948909423145203,0.0,nan
38,75,0.0006012397901684179,0.0,nan
38,76,0.00038645470671007896,0.0,nan
38,77,0.0004906880050821318,0.0,nan
38,78,0.0007528569193151148,0.0,nan
38,79,0.0004844185293460795,0.0,nan
38,80,0.0007902366458551706,0.0,nan
38,81,0.000358343093051043,0.0,nan
38,82,0.0021634086847449638,0.125,nan
38,83,0.00019621561822323472,0.0625,nan
38,84,0.0006505279919224857,0.0,nan
38,85,0.0009108315047160273,0.0,nan
38,86,0.0003880077862987004,0.0,nan
38,87,0.001203923169609571,0.0,nan
38,88,0.000470715652649633,0.0,nan
38,89,0.0003920541897930855,0.0,nan
38,90,0.002944499848147257,0.0625,nan
38,91,0.020185223230433893,0.5,nan
38,92,0.000256763868666949,0.0,nan
38,93,0.0010509851330451922,0.0625,nan
38,94,0.0006033769602575835,0.0,nan
38,95,0.0003932071686530335,0.0,nan
38,96,0.0004208388574640688,0.0,nan
38,97,0.0011447924943343533,0.0,nan
38,98,0.0005473595993647389,0.0,nan
38,99,0.0004416237774374362,0.0,nan
39,0,0.0009098129072712719,0.0,nan
39,1,0.0010439138061618374,0.0,nan
39,2,0.0006930375673241124,0.0,nan
39,3,0.0004000321646134152,0.0,nan
39,4,0.0020243789766669585,0.125,nan
39,5,0.0004189576216872506,0.0,nan
39,6,0.00033663460110627526,0.0,nan
39,7,0.0009375196918945543,0.0,nan
39,8,0.0009841669162742974,0.0,nan
39,9,0.0010737808226833705,0.0,nan
39,10,0.0007899634515627108,0.0,nan
39,11,0.0008675109784360588,0.0,nan
39,12,0.0005336708904228759,0.0,nan
39,13,0.0004948345415359318,0.0,nan
39,14,0.002128004738728497,0.125,nan
39,15,0.0010579823733050356,0.0,nan
39,16,0.0005017412117158191,0.0,nan
39,17,0.0006307493630715196,0.0,nan
39,18,0.0007867212655583941,0.0,nan
39,19,0.0025901610540626755,0.0,nan
39,20,0.0003522135462166734,0.0,nan
39,21,0.0004044700473677957,0.0,nan
39,22,0.0003990594157013758,0.0,nan
39,23,0.0013985294280723763,0.0625,nan
39,24,0.0025873340616721814,0.0625,nan
39,25,0.0009527295183136598,0.0625,nan
39,26,0.0005636867898454973,0.0,nan
39,27,0.004149971379371757,0.1875,nan
39,28,0.00039284081628651417,0.0,nan
39,29,0.001545626616973003,0.0625,nan
39,30,0.00030102686469254914,0.0,nan
39,31,0.0014103037132782814,0.125,nan
39,32,0.0004762589424555995,0.0,nan
39,33,0.0007531423506787586,0.0625,nan
39,34,0.0005491297440724915,0.0,nan
39,35,0.0009964084755734073,0.0,nan
39,36,0.0007765634413815321,0.0,nan
39,37,0.0004762314822589318,0.0,nan
39,38,0.000761803998082748,0.0,nan
39,39,0.00021343117185593143,0.0,nan
39,40,0.000548550316957751,0.0,nan
39,41,0.0007083080747111734,0.0625,nan
39,42,0.0003563628830765849,0.0,nan
39,43,0.000982125854441827,0.0625,nan
39,44,0.0007387122941821184,0.0,nan
39,45,0.0012343580609128018,0.0,nan
39,46,0.0004991978443736143,0.0,nan
39,47,0.0003312962964908036,0.0,nan
39,48,0.0009870208595822892,0.125,nan
39,49,0.0007444820887722186,0.0,nan
39,50,0.0005939248591752672,0.0,nan
39,51,0.0011263541133824837,0.0625,nan
39,52,0.0003858979445385809,0.0,nan
39,53,0.0009144406120451317,0.0,nan
39,54,0.0005141295909070158,0.0,nan
39,55,0.000601014717081641,0.0,nan
39,56,0.0013958031421444062,0.0,nan
39,57,0.0012445169902094073,0.0,nan
39,58,0.0008601350856759094,0.0625,nan
39,59,0.0007671512031924588,0.0,nan
39,60,0.0017381654902362499,0.0,nan
39,61,0.0021344985109900093,0.125,nan
39,62,0.0014961670119694383,0.0625,nan
39,63,0.0004692932741112471,0.0,nan
39,64,0.0005096933875091323,0.0,nan
39,65,0.0029765274058889757,0.25,nan
39,66,0.0005652124140819936,0.0,nan
39,67,0.0005252556156077361,0.0,nan
39,68,0.0007287302654771353,0.0,nan
39,69,0.0011075384731149642,0.0,nan
39,70,0.0005179308122798118,0.0,nan
39,71,0.000955968203406405,0.0,nan
39,72,0.0005012147610053165,0.0,nan
39,73,0.0008777280749499379,0.0,nan
39,74,0.00034219783976389463,0.0,nan
39,75,0.0016087143159376372,0.0625,nan
39,76,7.538053881354624e-05,0.0,nan
39,77,0.000662664101567583,0.0,nan
39,78,0.0003797394381499648,0.0,nan
39,79,0.0009562554523828758,0.0625,nan
39,80,0.0009609466535879848,0.0,nan
39,81,0.0010696827760495868,0.0,nan
39,82,0.0023772811176612924,0.0625,nan
39,83,0.0003993535943313094,0.0,nan
39,84,0.00047780357152546764,0.0,nan
39,85,0.0006697786191091225,0.0,nan
39,86,0.001005853562384796,0.0,nan
39,87,0.0010422837989097684,0.0,nan
39,88,0.0003520291083323956,0.0,nan
39,89,0.000296199008588488,0.0,nan
39,90,0.00034916729742780206,0.0,nan
39,91,0.0004653905844256095,0.0,nan
39,92,0.0006649275565409139,0.0,nan
39,93,0.0004440931256253915,0.0,nan
39,94,0.0011710076796227218,0.0625,nan
39,95,0.000707625652764331,0.0,nan
39,96,0.0006988948190667556,0.0,nan
39,97,0.00038783171225184485,0.0,nan
39,98,0.0016956140265149177,0.0,nan
39,99,0.001028166998887486,0.0,nan
40,0,0.0009274267595519076,0.0,nan
40,1,0.0010823620637974679,0.0,nan
40,2,0.001073170329082072,0.0,nan
40,3,0.0004713096958051901,0.0,nan
40,4,0.00037458842999142444,0.0,nan
40,5,0.0021874774135227887,0.0625,nan
40,6,0.0006162208290795526,0.0625,nan
40,7,0.0007615920578513216,0.0,nan
40,8,0.0005747043974651002,0.0,nan
40,9,0.0001502662003690799,0.0,nan
40,10,0.0012737485017884427,0.0,nan
40,11,0.0006247488081221221,0.0,nan
40,12,0.0002752411006799382,0.0,nan
40,13,0.0005406430708656726,0.0,nan
40,14,0.002066318071164191,0.125,nan
40,15,0.0015894723012150266,0.0625,nan
40,16,0.0001645880177232466,0.0,nan
40,17,0.001056609225339351,0.0,nan
40,18,0.0007387449987900244,0.0,nan
40,19,0.0004679769680376682,0.0,nan
40,20,0.0005646465630745339,0.0,nan
40,21,0.00021847183557098851,0.0,nan
40,22,0.000736646588823014,0.0,nan
40,23,0.0003420605083605705,0.0,nan
40,24,0.0004072869468392453,0.0,nan
40,25,0.0007481224353252496,0.0,nan
40,26,0.0006194723051229048,0.0,nan
40,27,0.0009245144716996101,0.0,nan
40,28,0.0019325566621825085,0.125,nan
40,29,0.0015894705054330777,0.0,nan
40,30,0.0009472971170582636,0.0,nan
40,31,0.00043834364328888484,0.0,nan
40,32,0.00020701245239941322,0.0,nan
40,33,0.002186666583583055,0.0,nan
40,34,0.00022606529172679876,0.0,nan
40,35,0.000534292386548583,0.0,nan
40,36,0.00030745481220190943,0.0,nan
40,37,0.0007208066317060532,0.0,nan
40,38,0.0009320213616206691,0.0,nan
40,39,0.00042122336524956895,0.0,nan
40,40,0.0003101030641133788,0.0,nan
40,41,0.00048545262168328513,0.0,nan
40,42,0.0004186111980485707,0.0,nan
40,43,0.0005349528412294777,0.0,nan
40,44,0.0010699476827961277,0.0,nan
40,45,0.000536923552325692,0.0,nan
40,46,0.00041882948948156423,0.0,nan
40,47,0.0005616252038864113,0.0,nan
40,48,0.0008044763208592825,0.0,nan
40,49,0.0009265892463819804,0.0,nan
40,50,0.00045144518347957135,0.0,nan
40,51,0.0021298384110764236,0.0625,nan
40,52,7.95940281334214e-05,0.0,nan
40,53,0.00025275910914520646,0.0,nan
40,54,0.00064934058532854,0.0,nan
40,55,0.001477718610835697,0.0,nan
40,56,0.00044268688221515355,0.0,nan
40,57,0.00016115820397206277,0.0,nan
40,58,0.0006368758247664159,0.0,nan
40,59,0.00026649215617105613,0.0,nan
40,60,0.0007471186566447331,0.0,nan
40,61,0.0034324657706191627,0.0,nan
40,62,0.0006277845113590994,0.0,nan
40,63,0.0006178505873469714,0.0,nan
40,64,0.0005207028782174616,0.0,nan
40,65,0.000659972684511791,0.0,nan
40,66,0.001266458391282263,0.125,nan
40,67,0.00019911530891039632,0.0,nan
40,68,0.0004553654960619411,0.0,nan
40,69,0.0002709163514288751,0.0,nan
40,70,0.0005395933212040806,0.0,nan
40,71,0.00039365509856676654,0.0,nan
40,72,0.0006888495420341914,0.0,nan
40,73,0.0019219714512738735,0.1875,nan
40,74,0.0006107201965914028,0.0,nan
40,75,0.0009304328139038078,0.0,nan
40,76,0.0007170192488065752,0.0,nan
40,77,0.00020035056555799173,0.0,nan
40,78,0.0008947129419566641,0.0,nan
40,79,0.0006888612590637829,0.0,nan
40,80,0.00025788510266976685,0.0,nan
40,81,0.0006641094501186077,0.0,nan
40,82,0.0028316999075641584,0.0,nan
40,83,0.00040213496001009373,0.0,nan
40,84,0.0005083605036442548,0.0,nan
40,85,0.0013440594203682431,0.1875,nan
40,86,0.0007644014984237716,0.0,nan
40,87,0.0005554969451510727,0.0,nan
40,88,0.0009970022686784262,0.0,nan
40,89,0.001157377498625572,0.0,nan
40,90,0.0004332453528386752,0.0,nan
40,91,0.022568014756434964,0.5,nan
40,92,0.00044434273764332936,0.0,nan
40,93,0.0005028516825629492,0.0,nan
40,94,0.0006155174930892269,0.0,nan
40,95,0.00043916739108522217,0.0,nan
40,96,0.0006176416534245926,0.0,nan
40,97,0.014161379065854806,0.4375,nan
40,98,0.0004583455316650363,0.0,nan
40,99,0.0013736698261350346,0.0,nan
41,0,0.0004245203020453495,0.0,nan
41,1,0.00024162644085169875,0.0,nan
41,2,0.00016446662474317548,0.0,nan
41,3,0.00025002954039709136,0.0,nan
41,4,0.0006483074918859086,0.0,nan
41,5,0.00034377438261322694,0.0,nan
41,6,0.00022644350442655895,0.0,nan
41,7,0.0008210229285659247,0.0,nan
41,8,0.0002382051172332876,0.0,nan
41,9,0.00025103315328404876,0.0,nan
41,10,0.00033915540158713876,0.0,nan
41,11,0.0003909464701319291,0.0,nan
41,12,0.0003041190122787098,0.0,nan
41,13,0.0003856842849551055,0.0,nan
41,14,0.00017076634182208147,0.0,nan
41,15,0.0007393612202276018,0.0,nan
41,16,0.0003470942275038796,0.0,nan
41,17,0.03429009396573658,0.8125,nan
41,18,0.000159256124228866,0.0,nan
41,19,0.0002524724348554986,0.0,nan
41,20,0.00020032660613698424,0.0,nan
41,21,0.00012467548775465514,0.0,nan
41,22,0.00019612185879731077,0.0,nan
41,23,0.00020053081418841738,0.0,nan
41,24,0.0004209603877159972,0.0,nan
41,25,0.0004022704282912611,0.0,nan
41,26,0.0003191940282002909,0.0,nan
41,27,0.0016569678516135254,0.0625,nan
41,28,0.0011973868568375353,0.0,nan
41,29,0.00018341140752521054,0.0,nan
41,30,0.00030639023394382246,0.0,nan
41,31,0.0005852144300981698,0.0,nan
41,32,0.0003686900098086194,0.0,nan
41,33,0.00020906235470580288,0.0,nan
41,34,0.0005405564447824717,0.0,nan
41,35,0.00020661711736415342,0.0,nan
41,36,0.0003719492681486067,0.0,nan
41,37,0.00026934225979010035,0.0,nan
41,38,0.0003788136010704941,0.0625,nan
41,39,0.0005184207240725624,0.0,nan
41,40,0.0002537588902800415,0.0,nan
41,41,0.0001763720933277487,0.0,nan
41,42,0.00037137772078217623,0.0,nan
41,43,0.0004332292501271875,0.0,nan
41,44,0.00010708494458974254,0.0,nan
41,45,0.0003495487678844584,0.0,nan
41,46,0.0008895161912133502,0.0,nan
41,47,0.0006989206714865983,0.0,nan
41,48,0.00037127651246367786,0.0,nan
41,49,0.00037544656411602894,0.0,nan
41,50,0.002558868389049323,0.0,nan
41,51,0.0008177893484917411,0.0625,nan
41,52,0.001062493910302161,0.0625,nan
41,53,0.00023790369809484048,0.0625,nan
41,54,0.00016646419414664934,0.0,nan
41,55,0.00042527385518898836,0.0,nan
41,56,0.00039209899062934473,0.0,nan
41,57,0.00031339781729231524,0.0,nan
41,58,6.600399787462031e-05,0.0,nan
41,59,0.00040125246514619993,0.0,nan
41,60,0.0002700933372015593,0.0,nan
41,61,0.00022984019908688628,0.0,nan
41,62,0.00018277833937306424,0.0,nan
41,63,0.0005645624289247072,0.0,nan
41,64,0.0005296767964570231,0.0,nan
41,65,0.00023360679854866694,0.0,nan
41,66,0.0004285897757808272,0.0,nan
41,67,0.00019640329096333312,0.0,nan
41,68,0.0002343255095891033,0.0,nan
41,69,0.000303938390854023,0.0,nan
41,70,4.146705289728517e-05,0.0,nan
41,71,0.0002943060316371411,0.0,nan
41,72,0.00044727123855297117,0.0,nan
41,73,0.00035736061514207913,0.0,nan
41,74,0.0003248497525790273,0.0,nan
41,75,0.00027169101588399677,0.0,nan
41,76,0.00010673465228309653,0.0,nan
41,77,0.00030409095817295127,0.0,nan
41,78,0.000989297705685853,0.0,nan
41,79,0.0003560612594415851,0.0,nan
41,80,0.00013963765675759462,0.0,nan
41,81,0.0003330601368931949,0.0,nan
41,82,0.0006279446908114782,0.0,nan
41,83,0.0003165395557985124,0.0,nan
41,84,0.00015635605153139728,0.0,nan
41,85,0.00014310182001161294,0.0,nan
41,86,0.0004104115129587514,0.0,nan
41,87,0.00047810909232898154,0.0,nan
41,88,0.0005744512903039735,0.0,nan
41,89,0.00012104105176291262,0.0,nan
41,90,0.00028240491365872484,0.0,nan
41,91,0.06608028212311592,0.875,nan
41,92,0.0002303486381206989,0.0,nan
41,93,0.0002719391446338256,0.0,nan
41,94,0.0006675321508311793,0.0,nan
41,95,0.0002788220769653608,0.0,nan
41,96,0.0004301447378661907,0.0,nan
41,97,0.0002936555780321736,0.0,nan
41,98,0.00016388393395932668,0.0,nan
41,99,0.0001360097047854549,0.0,nan
42,0,0.0008399963534769275,0.0,nan
42,1,0.0004914995911650204,0.0,nan
42,2,0.0012574778526836354,0.0,nan
42,3,0.0008474749396017536,0.0,nan
42,4,0.006166326041295545,0.25,nan
42,5,0.0023876012304809985,0.125,nan
42,6,0.0005790513999173953,0.0,nan
42,7,0.00036978087323146994,0.0,nan
42,8,0.00010049912054742107,0.0,nan
42,9,0.0006108803056645226,0.0,nan
42,10,0.0010930385843586515,0.0625,nan
42,11,0.0009075737369302456,0.0,nan
42,12,0.0012927678733576564,0.0,nan
42,13,0.0007788049753381027,0.0,nan
42,14,0.0013631378360613343,0.125,nan
42,15,0.0018518652978860154,0.0,nan
42,16,0.0011991004441929919,0.0,nan
42,17,0.00036849154187803103,0.0,nan
42,18,0.0022067557725309246,0.0625,nan
42,19,0.0006751050957368466,0.0,nan
42,20,0.00220286910439995,0.0,nan
42,21,0.0002816506391130747,0.0,nan
42,22,0.0007042653530550192,0.0625,nan
42,23,0.00046971414983677535,0.0,nan
42,24,0.0008232269714398814,0.0,nan
42,25,0.0009450944834953896,0.0,nan
42,26,0.0018729057849638496,0.0625,nan
42,27,0.0004957120304336688,0.0,nan
42,28,0.0014325046462814385,0.0,nan
42,29,0.0011088547824288125,0.0,nan
42,30,0.0013749950069313747,0.0625,nan
42,31,0.0011704498481954033,0.0625,nan
42,32,0.0010152868441000587,0.0,nan
42,33,0.0009552608779707103,0.0,nan
42,34,0.0007436413321264155,0.0,nan
42,35,0.0006720110166476966,0.0,nan
42,36,0.0016753188470786003,0.125,nan
42,37,0.0017237433666577747,0.0,nan
42,38,0.001414628518522954,0.0,nan
42,39,0.0012178874406525836,0.0,nan
42,40,0.0005890899453271175,0.0,nan
42,41,0.0006201565054992633,0.0,nan
42,42,0.0013908573592380919,0.0625,nan
42,43,0.0004600889732729734,0.0,nan
42,44,0.001777510742299447,0.125,nan
42,45,0.0004667534992373913,0.0,nan
42,46,0.0016001448585386277,0.0625,nan
42,47,0.00026107510453713214,0.0,nan
42,48,0.0006402892791541423,0.0,nan
42,49,0.0014402099135364214,0.0,nan
42,50,0.0010542994960755492,0.0,nan
42,51,0.00091295663978253,0.0625,nan
42,52,0.0008013532188856185,0.0,nan
42,53,0.00034482147898707617,0.0,nan
42,54,0.0012074706040029937,0.0,nan
42,55,0.00025625350481435656,0.0,nan
42,56,0.003242214816695051,0.125,nan
42,57,0.0012677461693149034,0.0,nan
42,58,0.0003861110244985669,0.0,nan
42,59,0.0005203443103986481,0.0,nan
42,60,0.0011728110211661536,0.0,nan
42,61,0.001084810256314169,0.0,nan
42,62,0.0005370915429781362,0.0,nan
42,63,0.0007046035566084489,0.0,nan
42,64,0.0008796793701630412,0.0,nan
42,65,0.0012960701951918573,0.0,nan
42,66,0.00110877897098196,0.0625,nan
42,67,0.0006388121982010967,0.0,nan
42,68,0.0014728109896806059,0.0,nan
42,69,0.0004724683041527444,0.0,nan
42,70,0.0010678282067935207,0.0,nan
42,71,0.0008425038799508408,0.0,nan
42,72,0.0008946619392568374,0.0,nan
42,73,0.0010359105939587994,0.0,nan
42,74,0.0006174975473123873,0.0,nan
42,75,0.0010242405308318716,0.0,nan
42,76,0.00443680100224492,0.3125,nan
42,77,0.0016688017130114443,0.0,nan
42,78,0.0014606442903369742,0.0625,nan
42,79,0.0011211033490879754,0.0625,nan
42,80,0.0003534388652828286,0.0,nan
42,81,0.0001227508141496734,0.0,nan
42,82,0.0007660471977677864,0.0,nan
42,83,0.0005981018269732088,0.0,nan
42,84,0.0008199030421259589,0.0,nan
42,85,0.0011016215465144716,0.0,nan
42,86,0.0006117588097406918,0.0625,nan
42,87,0.0012658654421663354,0.0,nan
42,88,0.00176780283675568,0.0,nan
42,89,0.0005073043493699625,0.0,nan
42,90,0.0010747675542407053,0.0,nan
42,91,0.0006865880995509609,0.0,nan
42,92,0.0004586198444031682,0.0,nan
42,93,0.0003346856227677831,0.0,nan
42,94,0.0008051225263390388,0.0,nan
42,95,0.0010718531800753886,0.0,nan
42,96,0.0009042845107578654,0.0,nan
42,97,0.00170511552019517,0.0625,nan
42,98,0.0008374133236054154,0.0,nan
42,99,0.0002760194217302516,0.0,nan
43,0,0.00026393152389190383,0.0,nan
43,1,0.0006348008300162307,0.0,nan
43,2,0.0008251710629395904,0.0,nan
43,3,0.002108387629395956,0.0,nan
43,4,0.007133536301112405,0.375,nan
43,5,0.0001955207883257534,0.0,nan
43,6,0.003144947182863296,0.0625,nan
43,7,0.00012259410151847707,0.0,nan
43,8,0.0010809496215130198,0.0,nan
43,9,0.0013731056324562015,0.0,nan
43,10,0.0006722924439566934,0.0,nan
43,11,0.0011474179272673727,0.0,nan
43,12,0.002232300535615433,0.0625,nan
43,13,0.0006529332144149908,0.0,nan
43,14,0.0009943401392035834,0.0,nan
43,15,0.0009581049300444074,0.0625,nan
43,16,0.002867270489238432,0.0,nan
43,17,0.0008870135148795068,0.0,nan
43,18,0.0004878863019737611,0.0,nan
43,19,0.00041869572805798333,0.0,nan
43,20,0.001498693886189419,0.0,nan
43,21,0.0008764777032967629,0.0,nan
43,22,0.0013823885620786833,0.0,nan
43,23,0.0013509377106555216,0.0,nan
43,24,0.0012966888857091812,0.0,nan
43,25,0.0010001201133522722,0.0,nan
43,26,0.0013870223938323993,0.0,nan
43,27,0.0007629371576396369,0.0,nan
43,28,0.000624311044168943,0.0,nan
43,29,0.001406443010908282,0.0,nan
43,30,0.0009823167133415631,0.0,nan
43,31,0.00034929917964951186,0.0,nan
43,32,0.0006659199955850324,0.0,nan
43,33,0.0007089599257322405,0.0,nan
43,34,0.0006939333822331041,0.0,nan
43,35,0.001443451109583438,0.0625,nan
43,36,0.000784022313182771,0.0,nan
43,37,0.0006262960742123017,0.0,nan
43,38,0.002086231612393648,0.0,nan
43,39,0.0024623166136248285,0.0625,nan
43,40,0.0009125863636681559,0.0,nan
43,41,0.0016001392965424405,0.0625,nan
43,42,0.0006549536553644313,0.0,nan
43,43,0.0007001240502770555,0.0,nan
43,44,0.000608090411755126,0.0,nan
43,45,0.0015405275837927842,0.125,nan
43,46,0.000699331462574143,0.0,nan
43,47,0.0012092319366478824,0.0,nan
43,48,0.0011376645412502985,0.0,nan
43,49,0.000658034980571382,0.0,nan
43,50,0.0021339236268590597,0.0625,nan
43,51,0.0007583641682258637,0.0,nan
43,52,0.000984842771643822,0.0,nan
43,53,0.0013590874686363504,0.0,nan
43,54,0.000998179268019094,0.0,nan
43,55,0.0012560221692879121,0.0625,nan
43,56,0.0005245366728471187,0.0,nan
43,57,0.0010866353779575724,0.0,nan
43,58,0.0013380878671344469,0.0625,nan
43,59,0.0006907711830058364,0.0,nan
43,60,0.00019305330837929746,0.0,nan
43,61,0.0016731282689202635,0.0,nan
43,62,0.0006504631885540437,0.0,nan
43,63,0.0006241863488678843,0.0,nan
43,64,0.0013059002911720633,0.0625,nan
43,65,0.0006740957797184894,0.0,nan
43,66,0.0004934415128917857,0.0,nan
43,67,0.0014657220917725644,0.0,nan
43,68,0.0017212430243709479,0.0625,nan
43,69,0.0011295550533133166,0.0,nan
43,70,0.0005628909139020245,0.0,nan
43,71,0.0014751406272639773,0.0625,nan
43,72,0.00042275242255062565,0.0,nan
43,73,0.0020222302176765928,0.0,nan
43,74,0.002238333580558469,0.0625,nan
43,75,0.00047650739626323667,0.0,nan
43,76,0.00039644177555894517,0.0,nan
43,77,0.000430927710055557,0.0,nan
43,78,0.00031973548244451297,0.0,nan
43,79,0.0015058792379678502,0.0,nan
43,80,0.0002993527974734192,0.0,nan
43,81,0.000584705307567605,0.0,nan
43,82,0.001142389910834595,0.0,nan
43,83,0.0014215815382908298,0.0625,nan
43,84,0.002988874289689732,0.0625,nan
43,85,0.0008274768644061525,0.0625,nan
43,86,0.00029260502491076923,0.0,nan
43,87,0.0012137948812871808,0.0,nan
43,88,0.0009524261818491208,0.0,nan
43,89,0.000882791857355707,0.0,nan
43,90,0.000327576061631071,0.0,nan
43,91,0.0005286590669924362,0.0,nan
43,92,0.0005406165607821414,0.0,nan
43,93,0.001226593327898034,0.0,nan
43,94,0.0013796344292336532,0.0,nan
43,95,0.0008805634526797669,0.0,nan
43,96,0.00045492310545172773,0.0,nan
43,97,0.0015668530790233688,0.0625,nan
43,98,0.0011079128746728432,0.0,nan
43,99,0.0014445589141716055,0.0,nan
44,0,0.00048199088514642,0.0,nan
44,1,0.0008735423019050028,0.0,nan
44,2,0.00044932077472095917,0.0,nan
44,3,0.0010780040369649437,0.0,nan
44,4,0.0010088716767918298,0.0,nan
44,5,0.0027175153102329606,0.0625,nan
44,6,0.002747678795741245,0.0,nan
44,7,0.00030082451857053134,0.0,nan
44,8,0.0007759916455696884,0.0,nan
44,9,0.0011427551379612024,0.0625,nan
44,10,0.00043555615888195667,0.0,nan
44,11,0.00037027257014291616,0.0,nan
44,12,0.0008897463425342658,0.0,nan
44,13,0.001134493532245315,0.0625,nan
44,14,0.0008513360997829001,0.0,nan
44,15,0.0015242712600574391,0.0,nan
44,16,0.00047440197526520133,0.0,nan
44,17,0.0007008995055833899,0.0,nan
44,18,0.00011920123444383946,0.0,nan
44,19,0.0009229213374738795,0.0,nan
44,20,0.00029012604566026656,0.0,nan
44,21,0.0006828826449138483,0.0,nan
44,22,0.0002999219040150282,0.0,nan
44,23,0.0005472310345813664,0.0,nan
44,24,0.0009138486361350274,0.0,nan
44,25,0.0009348576348440784,0.0,nan
44,26,0.00121974730420082,0.0,nan
44,27,0.004301675189076871,0.0625,nan
44,28,0.0002546874396075928,0.0,nan
44,29,0.0008410515590233667,0.0,nan
44,30,0.0009912599244118157,0.0,nan
44,31,0.0002443566973712527,0.0,nan
44,32,0.0007451663601664804,0.0,nan
44,33,0.0020469714324612307,0.0625,nan
44,34,0.0009937241859877184,0.0,nan
44,35,0.0005945840368084168,0.0,nan
44,36,0.0009139880336744984,0.0,nan
44,37,0.00019933980529122138,0.0,nan
44,38,0.00041030995491866604,0.0,nan
44,39,0.00029147616374747623,0.0,nan
44,40,0.0006072039535314224,0.0,nan
44,41,0.0008509180691048691,0.0,nan
44,42,0.0008921603753227424,0.0,nan
44,43,0.0008260862467072147,0.0,nan
44,44,0.0010681603992796556,0.0,nan
44,45,0.0037362013831996723,0.1875,nan
44,46,0.0008030739953036831,0.0,nan
44,47,0.0010278491609213602,0.0625,nan
44,48,0.000671288208424523,0.0,nan
44,49,0.0027365630057723128,0.0,nan
44,50,0.003271532230637325,0.0625,nan
44,51,0.0008229633381634517,0.0,nan
44,52,0.0022085567854619064,0.0625,nan
44,53,0.00032790393844842926,0.0,nan
44,54,0.0003653722270590511,0.0,nan
44,55,0.001436769222272839,0.0,nan
44,56,0.0026480361129903895,0.0625,nan
44,57,0.00019546788251420684,0.0,nan
44,58,0.00041202253894035627,0.0,nan
44,59,0.0008194118501008567,0.0,nan
44,60,0.00039594557562402493,0.0,nan
44,61,0.0008708947024418871,0.0,nan
44,62,0.0009014064884637469,0.0,nan
44,63,0.0016662133949946875,0.0,nan
44,64,0.0020969747333313754,0.0,nan
44,65,0.0004021391040749566,0.0,nan
44,66,0.00042050370774830497,0.0,nan
44,67,0.0003551341021859718,0.0,nan
44,68,0.0010625846322223778,0.0625,nan
44,69,0.0029161263094252396,0.125,nan
44,70,0.0005517145431514955,0.0,nan
44,71,0.00013999974126734265,0.0,nan
44,72,0.0009107515725677653,0.0,nan
44,73,0.0010982173878533999,0.0625,nan
44,74,0.00036071384486126653,0.0,nan
44,75,0.00028671468547826294,0.0,nan
44,76,0.011624962525664681,0.25,nan
44,77,0.001908545745439696,0.0,nan
44,78,0.00027759082045670445,0.0,nan
44,79,0.0009422357235878722,0.0,nan
44,80,0.0015313171013854768,0.0,nan
44,81,0.0004951704447711585,0.0,nan
44,82,0.004670964187140966,0.1875,nan
44,83,0.00021366751742366328,0.0,nan
44,84,0.0025729134271700034,0.125,nan
44,85,0.00024988193709483497,0.0,nan
44,86,0.0006846804972234027,0.0,nan
44,87,0.0010245872372675621,0.0,nan
44,88,0.0005464529728746743,0.0,nan
44,89,0.00031277304103295527,0.0,nan
44,90,0.0004937708959055796,0.0,nan
44,91,8.445398085741207e-05,0.0,nan
44,92,0.0005945639118884959,0.0625,nan
44,93,0.0016404022102234008,0.0,nan
44,94,0.0011401416456522481,0.0,nan
44,95,0.0003533796459959963,0.0,nan
44,96,0.0012536876422979174,0.0,nan
44,97,0.0005982773664866613,0.0,nan
44,98,0.001194751844146868,0.0,nan
44,99,0.0011717984095121047,0.0,nan
45,0,0.0008519058385556448,0.0,nan
45,1,0.0007975593177790827,0.0,nan
45,2,0.000347425813670392,0.0,nan
45,3,0.001205636973574592,0.0,nan
45,4,0.0006620120511049163,0.0625,nan
45,5,0.0013271652183227632,0.0625,nan
45,6,0.0015442960936517473,0.0,nan
45,7,0.0004079437607708168,0.0,nan
45,8,0.002637555475362271,0.125,nan
45,9,0.0033717521792479134,0.0,nan
45,10,0.0008827793494589908,0.0,nan
45,11,0.0016055864161949188,0.0,nan
45,12,0.001059570590258931,0.0,nan
45,13,0.0006768117808581734,0.0,nan
45,14,0.00045373105732749103,0.0,nan
45,15,0.0014008048950816011,0.0,nan
45,16,0.0007507920419332483,0.0,nan
45,17,0.0006162046750978614,0.0,nan
45,18,0.001007595918646289,0.0625,nan
45,19,0.0019172848075057537,0.0,nan
45,20,0.00027375276217926137,0.0,nan
45,21,0.00034792220948144046,0.0,nan
45,22,0.0008373612305474426,0.0,nan
45,23,0.0008951161718943397,0.0,nan
45,24,0.001726673080008746,0.0,nan
45,25,0.0008293091582212136,0.0,nan
45,26,0.0009089992873704909,0.0,nan
45,27,0.000700500686104854,0.0625,nan
45,28,0.00042836408731243775,0.0,nan
45,29,0.0006596815411205675,0.0,nan
45,30,0.0005100854415916197,0.0,nan
45,31,0.0014249386377322678,0.0625,nan
45,32,0.00039219154983584684,0.0,nan
45,33,0.0009978970624792915,0.0625,nan
45,34,0.0008908635391339627,0.0,nan
45,35,0.000935700596284413,0.0,nan
45,36,0.0013200691550279327,0.0,nan
45,37,0.00017840483888345384,0.0,nan
45,38,0.0010157049162332276,0.0,nan
45,39,0.0005068294269721321,0.0,nan
45,40,0.000569629981492152,0.0,nan
45,41,0.0005139287870784019,0.0,nan
45,42,0.0003952715462105089,0.0,nan
45,43,0.0006392789887328708,0.0,nan
45,44,0.0005171274468336446,0.0,nan
45,45,0.0007319455906272096,0.0,nan
45,46,0.0007473043341851776,0.0,nan
45,47,0.0003885459090469512,0.0,nan
45,48,0.0006240058927840747,0.0,nan
45,49,0.0004580632782209038,0.0,nan
45,50,0.0016848087036404604,0.0625,nan
45,51,0.003791765618913223,0.1875,nan
45,52,0.0009734337918654897,0.0,nan
45,53,0.0008191656046139752,0.0625,nan
45,54,0.00018395144096395414,0.0,nan
45,55,0.00032270123420111206,0.0,nan
45,56,0.0016580558723143467,0.0,nan
45,57,0.0004642695101422572,0.0,nan
45,58,0.0008898034903978352,0.0,nan
45,59,0.0008188086757992049,0.0,nan
45,60,0.0008007660519894226,0.0,nan
45,61,0.00027509238163307665,0.0,nan
45,62,0.0005706598523930397,0.0,nan
45,63,0.0011641529772519602,0.0625,nan
45,64,0.0006498943436126151,0.0,nan
45,65,0.0007453164345157591,0.0625,nan
45,66,0.0014166561698383331,0.0625,nan
45,67,0.0009777640193167666,0.0,nan
45,68,0.0010227954291486155,0.0,nan
45,69,0.0009753740134767909,0.0,nan
45,70,0.0012864793607733716,0.0625,nan
45,71,0.007983624106265536,0.25,nan
45,72,0.00026574947964732996,0.0,nan
45,73,0.00021644281799654941,0.0,nan
45,74,0.001178748682225677,0.0,nan
45,75,0.000502627829703129,0.0,nan
45,76,0.0021304485105605765,0.0,nan
45,77,0.0007524715289531859,0.0,nan
45,78,0.0021056229672802426,0.0625,nan
45,79,0.0004643997928429589,0.0,nan
45,80,0.0005066500960087589,0.0,nan
45,81,0.0010646847572577198,0.0,nan
45,82,0.000298306874702281,0.0,nan
45,83,0.0002450393309762017,0.0,nan
45,84,0.0008295364081243024,0.0,nan
45,85,0.002036212942706949,0.0,nan
45,86,0.00040984348490741144,0.0,nan
45,87,0.0006527356952505915,0.0,nan
45,88,0.00046907484485576845,0.0,nan
45,89,0.0012865917298197072,0.0,nan
45,90,0.0005446729479613754,0.0,nan
45,91,0.0010561232617899716,0.0,nan
45,92,0.0003925702868842322,0.0,nan
45,93,0.001579634922366902,0.0,nan
45,94,0.0011615670456665771,0.0,nan
45,95,0.0009982910077581488,0.0,nan
45,96,0.00046575442711881024,0.0,nan
45,97,0.0011695503581760959,0.1875,nan
45,98,0.0005932154306766589,0.0,nan
45,99,0.0019826777980079258,0.0,nan
46,0,0.0008360926837705682,0.0,nan
46,1,0.0007637605772553525,0.0,nan
46,2,0.0006597580007890759,0.0,nan
46,3,0.0008886094702288251,0.0,nan
46,4,0.000861376893695056,0.0,nan
46,5,0.00046150709057532263,0.0,nan
46,6,0.0005475197901431842,0.0,nan
46,7,0.0007922142474119959,0.0,nan
46,8,0.0007481250852551008,0.0,nan
46,9,0.0025629687459342975,0.125,nan
46,10,0.0007831578779166268,0.0,nan
46,11,0.0010519302666476007,0.0,nan
46,12,0.0004647786971899926,0.0,nan
46,13,0.0004852214647823324,0.0,nan
46,14,0.0010477103681566181,0.0,nan
46,15,0.0008306306284690784,0.0625,nan
46,16,0.0016887961090855123,0.0625,nan
46,17,0.0006685804111971901,0.0,nan
46,18,0.0014699316731227375,0.0,nan
46,19,0.0006446998589762121,0.0,nan
46,20,0.0005236387724437808,0.0,nan
46,21,0.0011018802660305773,0.0,nan
46,22,0.0006959965109335402,0.0,nan
46,23,0.001153461501187647,0.0,nan
46,24,0.000849454312925854,0.0,nan
46,25,0.0007130841537279299,0.0,nan
46,26,0.0013817447418718251,0.0625,nan
46,27,0.0007758170178324795,0.0,nan
46,28,0.0007082833511427721,0.0,nan
46,29,0.0009918766967014886,0.0,nan
46,30,0.0016561608706693411,0.0,nan
46,31,0.0010690600861967391,0.0,nan
46,32,0.0007587602072428633,0.0,nan
46,33,0.0010025671234019438,0.0,nan
46,34,0.0009947838026291653,0.0,nan
46,35,0.0007173090953531214,0.0625,nan
46,36,0.004897926093230568,0.0625,nan
46,37,0.0007026181404197545,0.0,nan
46,38,0.0006525039649987929,0.0,nan
46,39,0.0005564598982617515,0.0,nan
46,40,0.0008923140192975919,0.0,nan
46,41,0.0008332212158228094,0.0,nan
46,42,0.0001543129648502959,0.0,nan
46,43,0.001002265204020309,0.0,nan
46,44,0.0026613033617841706,0.0,nan
46,45,0.0019752550367272493,0.0,nan
46,46,0.0006464152182564826,0.0,nan
46,47,0.0006554899209732174,0.0625,nan
46,48,0.0005688754880294514,0.0,nan
46,49,0.001898615430264901,0.0,nan
46,50,0.0008861155386341056,0.0,nan
46,51,0.0013413249439288297,0.0,nan
46,52,0.000766345824086154,0.0,nan
46,53,0.0004187566336743907,0.0,nan
46,54,0.0005218905816812453,0.0,nan
46,55,0.00031759049643195,0.0,nan
46,56,0.0015120399609451158,0.0,nan
46,57,0.001026968211324835,0.0,nan
46,58,0.0006086576935348685,0.0,nan
46,59,0.00043412054445273525,0.0,nan
46,60,0.000836062535634292,0.0,nan
46,61,0.00245790858483825,0.0,nan
46,62,0.0011641782748531711,0.0,nan
46,63,0.000499258415766884,0.0625,nan
46,64,0.0008116499790380386,0.0,nan
46,65,0.0027298167947422246,0.125,nan
46,66,0.000933704126521946,0.0,nan
46,67,0.0003498190026369482,0.0,nan
46,68,0.0008661067791936845,0.0,nan
46,69,0.0008057429522560426,0.0,nan
46,70,0.002234453913396239,0.0,nan
46,71,0.0011680260026187131,0.0,nan
46,72,0.0015163775132126197,0.125,nan
46,73,0.0007975558200593099,0.0625,nan
46,74,0.0007037868220125383,0.0,nan
46,75,0.0007243360932044556,0.0,nan
46,76,0.0007758990009554213,0.0,nan
46,77,0.0006669796472322666,0.0,nan
46,78,0.0015703139960091903,0.0,nan
46,79,0.001272517225982412,0.0,nan
46,80,0.0017792382985101756,0.0,nan
46,81,0.0010139263968501904,0.0,nan
46,82,0.0009788023976154115,0.0,nan
46,83,0.0007245120218263108,0.0,nan
46,84,0.0009081212625520806,0.0,nan
46,85,0.0019873256010461988,0.125,nan
46,86,0.0010935074147812832,0.0,nan
46,87,0.0014298858541444235,0.0625,nan
46,88,0.00034410002199515837,0.0,nan
46,89,0.0009488860445146361,0.0,nan
46,90,0.0008614026118375814,0.0,nan
46,91,0.0009360409457532421,0.125,nan
46,92,0.002040445047686041,0.0625,nan
46,93,0.0008385898951740905,0.0,nan
46,94,0.001442709563656156,0.0,nan
46,95,0.0008234761974616029,0.0,nan
46,96,0.0005072816564775956,0.0,nan
46,97,0.001283055295849554,0.0,nan
46,98,0.0011946623440367626,0.0,nan
46,99,0.0016820302751406804,0.0,nan
47,0,0.00047458110386716234,0.0,nan
47,1,0.0013190279443490239,0.0,nan
47,2,0.0006536642512406851,0.0,nan
47,3,0.0017253787980262563,0.0,nan
47,4,0.0011708572060341006,0.0,nan
47,5,0.0005247100704373546,0.0,nan
47,6,0.0002543438737655551,0.0,nan
47,7,0.0002931627012862226,0.0,nan
47,8,0.0012056409899680958,0.0,nan
47,9,0.0007389296705126763,0.0,nan
47,10,0.0006970601505080888,0.0,nan
47,11,0.00037349151420976786,0.0,nan
47,12,0.0008849496785297815,0.0,nan
47,13,0.00045138468281846766,0.0,nan
47,14,0.0006606524223441873,0.0,nan
47,15,0.0008855407326076564,0.0625,nan
47,16,0.001831468683249413,0.0,nan
47,17,0.0022803268600005405,0.25,nan
47,18,0.0024660467443528965,0.0,nan
47,19,0.000326302080716773,0.0,nan
47,20,0.0004430052078018564,0.0,nan
47,21,0.0005957145162838226,0.0,nan
47,22,0.00013796876377199582,0.0,nan
47,23,0.00043514274801686624,0.0,nan
47,24,0.0007156868905203341,0.0,nan
47,25,0.0007617933528309118,0.0,nan
47,26,0.0007137235256237094,0.125,nan
47,27,0.0005006064037004009,0.0,nan
47,28,0.0007957582894276542,0.0,nan
47,29,0.0011192946227452961,0.0625,nan
47,30,0.000990827021411342,0.0,nan
47,31,0.000557481391777133,0.0,nan
47,32,0.0005167074676946932,0.0,nan
47,33,0.0013417238022307063,0.0,nan
47,34,0.0004813313602140757,0.0625,nan
47,35,0.0006633726626249094,0.0,nan
47,36,0.002150551233178426,0.0625,nan
47,37,0.0003556617746101902,0.0,nan
47,38,0.0006608943219444661,0.0,nan
47,39,0.0007658702255838359,0.0,nan
47,40,0.000284174362290023,0.0,nan
47,41,0.0007805304434202207,0.0,nan
47,42,0.0005580191323287737,0.0,nan
47,43,0.0005404522980628375,0.0,nan
47,44,0.0007393748328251234,0.0,nan
47,45,0.0006950840448228888,0.0,nan
47,46,0.00035948540506779706,0.0,nan
47,47,0.0007899157604682289,0.0625,nan
47,48,0.0004466057136743751,0.0,nan
47,49,0.0006138497361512438,0.0,nan
47,50,0.003620852117640939,0.0,nan
47,51,0.00041918150182220404,0.0,nan
47,52,0.0013866633827452316,0.0,nan
47,53,0.0009185167876257576,0.0,nan
47,54,0.0005604499454820412,0.0,nan
47,55,0.002001886675716787,0.0,nan
47,56,0.0010847570131792394,0.0,nan
47,57,0.0003561035455423307,0.0,nan
47,58,0.0009565415286519269,0.0625,nan
47,59,0.0007314095027282092,0.0,nan
47,60,0.0008765430495028241,0.0,nan
47,61,0.0007241288048497318,0.0,nan
47,62,0.00024502302192347776,0.0,nan
47,63,0.0006506698832653771,0.0,nan
47,64,0.0002691671199469754,0.0,nan
47,65,0.0023292120942555207,0.0,nan
47,66,0.0008504012418634578,0.0625,nan
47,67,0.0004911206042403424,0.0,nan
47,68,0.0002724437818873712,0.0,nan
47,69,0.0005416378192315153,0.0625,nan
47,70,0.0008198455723399929,0.0,nan
47,71,0.0006871694817201494,0.0,nan
47,72,0.00043145016816507496,0.0,nan
47,73,0.0002594588843066031,0.0,nan
47,74,0.000420126397953316,0.0,nan
47,75,0.0017207407717573001,0.0,nan
47,76,0.0013045209914628135,0.0,nan
47,77,0.0012707733209328296,0.0625,nan
47,78,0.0006225882579480852,0.0,nan
47,79,0.00016490091685976047,0.0,nan
47,80,0.0013623483864608648,0.0,nan
47,81,0.0008264175740646477,0.0,nan
47,82,0.0009282023802245884,0.0,nan
47,83,0.00038362430003315544,0.0,nan
47,84,0.0010191865463232005,0.0,nan
47,85,0.0008275415805635421,0.0,nan
47,86,0.0003429716049190951,0.0,nan
47,87,0.0019445851918206691,0.0,nan
47,88,0.0010492165981172052,0.0,nan
47,89,0.000532885162296872,0.0,nan
47,90,0.0023308884966645447,0.0,nan
47,91,0.004289535732333762,0.25,nan
47,92,0.000713428426435107,0.0,nan
47,93,0.0006712422494015701,0.0,nan
47,94,0.001424395696923752,0.0,nan
47,95,0.0002907243538140947,0.0,nan
47,96,0.00041465221346639273,0.0,nan
47,97,0.0011683160963488226,0.0,nan
47,98,0.0007293677496147338,0.0,nan
47,99,0.00038881060505340415,0.0,nan
48,0,0.0005127205468488311,0.0625,nan
48,1,0.0015137439924862777,0.0,nan
48,2,0.0005304451344404315,0.0,nan
48,3,0.003436795787098137,0.125,nan
48,4,0.003068721739677294,0.1875,nan
48,5,0.0004783315597887568,0.0,nan
48,6,0.0011917429289769114,0.0,nan
48,7,0.0007985871403291125,0.0,nan
48,8,0.0002776477298097112,0.0,nan
48,9,0.0006656157018304391,0.0,nan
48,10,0.0010442248828414274,0.0,nan
48,11,0.000758824273443072,0.0,nan
48,12,0.00045460216382177886,0.0,nan
48,13,0.0011242269930497708,0.0,nan
48,14,0.0019089092601531142,0.125,nan
48,15,0.0008322939513059687,0.0,nan
48,16,0.00041893821204458935,0.0,nan
48,17,0.0009209927871634429,0.0,nan
48,18,0.00034899005134692246,0.0,nan
48,19,0.00020077443507240565,0.0,nan
48,20,0.0002499616138708086,0.0,nan
48,21,9.524614713222465e-05,0.0,nan
48,22,0.005843516848218699,0.125,nan
48,23,0.002350899040817093,0.0625,nan
48,24,0.00024213577393487922,0.0,nan
48,25,0.0008824269927761059,0.0,nan
48,26,0.00026612868985762976,0.0,nan
48,27,0.0007673176115586013,0.0,nan
48,28,0.001884133029448074,0.0625,nan
48,29,0.0021563312777633905,0.125,nan
48,30,0.000530434579896536,0.0,nan
48,31,0.00044180230986624284,0.0,nan
48,32,0.0010527038726817171,0.0,nan
48,33,0.0005890245143071857,0.0,nan
48,34,0.0005055712287482788,0.0,nan
48,35,0.0012176350612087053,0.0,nan
48,36,0.0018197325614727035,0.0,nan
48,37,0.000181901516273257,0.0,nan
48,38,0.0004950840196267294,0.0,nan
48,39,0.0006454002220647166,0.0,nan
48,40,0.0004025003255488626,0.0,nan
48,41,0.0010772277011742975,0.0,nan
48,42,0.0003064548950429556,0.0,nan
48,43,0.0011169239915631048,0.0625,nan
48,44,0.0005863436789517041,0.0,nan
48,45,0.0017681514403252796,0.0625,nan
48,46,0.00031908274898045843,0.0,nan
48,47,0.0008505323372307179,0.0,nan
48,48,0.002869966875704893,0.0625,nan
48,49,0.003612388963275126,0.0625,nan
48,50,0.0005001078855954792,0.0625,nan
48,51,0.0011599112217793495,0.0,nan
48,52,0.0005494999955733703,0.0,nan
48,53,0.0010220665374806718,0.0625,nan
48,54,0.00026321537680499445,0.0,nan
48,55,0.0009948847283709488,0.0,nan
48,56,0.0018549299014058909,0.0625,nan
48,57,0.0008813117237273606,0.0,nan
48,58,0.0003547171174883661,0.0,nan
48,59,0.0001856947655815046,0.0,nan
48,60,0.0005494518552645801,0.0,nan
48,61,0.0007548625779760201,0.0,nan
48,62,0.0005744127382959056,0.0,nan
48,63,0.0014624003012076504,0.0,nan
48,64,0.0002666828774930465,0.0,nan
48,65,0.0010983538435816943,0.0,nan
48,66,0.0002989864543016349,0.0,nan
48,67,0.0003426955241670268,0.0,nan
48,68,0.0012768080958527367,0.0625,nan
48,69,0.000461003202827008,0.0,nan
48,70,0.0002979520958971509,0.0,nan
48,71,0.0007978161678027206,0.0,nan
48,72,0.0005113879939863935,0.0,nan
48,73,0.0007132012869724123,0.0,nan
48,74,0.0007315111569172845,0.0,nan
48,75,0.0007618857305196048,0.0,nan
48,76,0.0021037260054997155,0.0,nan
48,77,0.0011671117396521483,0.0,nan
48,78,0.0006008287881999658,0.0,nan
48,79,0.0009285669204118789,0.0,nan
48,80,0.00034463917860101667,0.0,nan
48,81,0.00045634358126301483,0.0,nan
48,82,0.0009402724202422722,0.0,nan
48,83,0.0009046052338960197,0.0625,nan
48,84,0.00034115856465529283,0.0,nan
48,85,0.000349283113588802,0.0,nan
48,86,0.0008578879441629475,0.0,nan
48,87,0.0004576397958252822,0.0,nan
48,88,0.0005981746420391672,0.0,nan
48,89,0.00046217022905405673,0.0,nan
48,90,0.0008656280213667714,0.0,nan
48,91,0.0009216601690424415,0.1875,nan
48,92,0.0013123400572014367,0.0,nan
48,93,0.0006074186387202303,0.0,nan
48,94,0.0004010166596394424,0.0625,nan
48,95,0.0007352343312067541,0.0625,nan
48,96,0.0005232095425793415,0.0,nan
48,97,0.0012968828137244388,0.0,nan
48,98,0.0003206404057910563,0.0,nan
48,99,0.00024220657857203877,0.0,nan
49,0,0.0009710899802668865,0.0,nan
49,1,0.00011858340819457481,0.0,nan
49,2,0.0008039086990849585,0.0,nan
49,3,0.00027952706452021893,0.0,nan
49,4,0.0013282529318154955,0.0625,nan
49,5,0.0007704913481702063,0.0,nan
49,6,0.0003050383101277726,0.0,nan
49,7,0.0009351752278521799,0.0,nan
49,8,0.001976389134839866,0.0625,nan
49,9,0.00032308839756498275,0.0625,nan
49,10,0.0009776533164008064,0.0,nan
49,11,0.0011646236429887638,0.0625,nan
49,12,0.0009602735589407309,0.0,nan
49,13,0.00033223503350000047,0.0,nan
49,14,0.0014596645988460394,0.0,nan
49,15,0.0006303245040133802,0.0,nan
49,16,0.002280272380491664,0.125,nan
49,17,0.0016946390157576677,0.125,nan
49,18,0.0005261885911439258,0.0,nan
49,19,0.0006365730906923246,0.0,nan
49,20,0.0010094876563964718,0.0,nan
49,21,0.0007895841031824323,0.0,nan
49,22,0.0003226517593064987,0.0,nan
49,23,0.000594177877479351,0.0,nan
49,24,0.0013808589845376719,0.0,nan
49,25,0.0004340666571821473,0.0,nan
49,26,0.0006637176789030237,0.0,nan
49,27,0.001230360483918272,0.0,nan
49,28,0.0007329255853799477,0.0,nan
49,29,0.0002442014792144086,0.0,nan
49,30,0.0009762303712476657,0.0,nan
49,31,0.0012644797684225701,0.0625,nan
49,32,0.0007009418107973371,0.0,nan
49,33,0.00037360348068616743,0.0,nan
49,34,0.0009368415440923217,0.0,nan
49,35,0.0007183952322169971,0.0,nan
49,36,0.000936269205239048,0.0,nan
49,37,0.002269481293092562,0.0625,nan
49,38,0.0007512010001831755,0.0,nan
49,39,0.0012933891249255107,0.0,nan
49,40,0.0010231812472791275,0.0,nan
49,41,0.0011737811281985642,0.0625,nan
49,42,0.0015582464232935854,0.0625,nan
49,43,0.0009224646880128101,0.0,nan
49,44,0.001877142086383103,0.0,nan
49,45,0.003445486163560244,0.125,nan
49,46,0.0003261053477225772,0.0,nan
49,47,0.0005370012888609834,0.0,nan
49,48,0.0005717145726655226,0.0,nan
49,49,0.0007080939138234813,0.0,nan
49,50,0.001215921997101519,0.0625,nan
49,51,0.0016290426229649733,0.0,nan
49,52,0.0004146270909578418,0.0,nan
49,53,0.00051609144615208,0.0,nan
49,54,0.0006562099302586239,0.0,nan
49,55,0.00033745333694983515,0.0,nan
49,56,0.000763085250131843,0.0,nan
49,57,0.0008436662723437188,0.0,nan
49,58,0.000740159482739461,0.0,nan
49,59,0.0010287763586362274,0.0,nan
49,60,0.0007219448035381383,0.0625,nan
49,61,0.00059746520156715,0.0,nan
49,62,0.0013208886607139116,0.0,nan
49,63,0.0005558695522381164,0.0,nan
49,64,0.0011236349166067446,0.0,nan
49,65,0.0009885386414441332,0.0,nan
49,66,0.0006193474273451472,0.0,nan
49,67,0.0011455424453281297,0.0625,nan
49,68,0.0006378464515425656,0.0,nan
49,69,0.0020560154707578077,0.0,nan
49,70,0.0004348157285902256,0.0,nan
49,71,0.0011176861872666986,0.0,nan
49,72,0.0006735217087724566,0.0,nan
49,73,0.0012648824459920965,0.0,nan
49,74,0.0010465637032995706,0.0,nan
49,75,0.0006543568673425285,0.0625,nan
49,76,0.0008554671199702693,0.0,nan
49,77,0.00019613267208583502,0.0,nan
49,78,0.0009198405758143811,0.0,nan
49,79,0.0007523062033460302,0.0,nan
49,80,0.001293567807866705,0.0,nan
49,81,0.0005211392935593536,0.0,nan
49,82,0.0001625680894153088,0.0,nan
49,83,0.0008438417128255765,0.0,nan
49,84,0.0006944854976123414,0.0,nan
49,85,0.0016986502794939622,0.0,nan
49,86,0.0016615795332154733,0.125,nan
49,87,0.0015126900432432676,0.0,nan
49,88,0.0006679395370610918,0.0,nan
49,89,0.0003869604277105626,0.0,nan
49,90,0.0007651694045021291,0.0625,nan
49,91,0.0009007376720801773,0.0625,nan
49,92,0.000564542191226428,0.0625,nan
49,93,0.0017877338693611461,0.0,nan
49,94,0.0009777506187961826,0.0,nan
49,95,0.0006869386258628394,0.0,nan
49,96,0.000979836251129519,0.0,nan
49,97,7.531838266759306e-05,0.0,nan
49,98,0.0012152597435677935,0.0,nan
49,99,0.0016971911828080428,0.0625,nan
50,0,0.00022514851729389762,0.0,0.00015447804883911368
50,1,0.0008031399724619378,0.0,0.0006131023652422725
50,2,0.0005449448169446294,0.0,5.1619421463683474e-05
50,3,0.0010194142096229646,0.0,0.009154731245415196
50,4,0.0012037114674161564,0.0,0.020599586697576316
50,5,0.00075471318743107,0.0,0.00973256401527963
50,6,0.000770602456002377,0.0,0.001257527910353023
50,7,0.0018024122146693955,0.0,0.009315109773996388
50,8,0.0005973421740796566,0.0,0.011027214526427298
50,9,0.0013303348207720578,0.0625,0.03987585430260522
50,10,0.0004954824573065198,0.0,0.001102159408576919
50,11,0.0006404498981088129,0.0,0.00089695731431296
50,12,0.0004493473212726511,0.0,0.0028010461379367334
50,13,0.0006957107660467968,0.0,0.0014477144002633527
50,14,0.0014663318696223806,0.0,0.024496315102368018
50,15,0.00016606868709320867,0.0,0.002494350956399605
50,16,0.0010028199916060675,0.0,0.004738265472633504
50,17,0.002063465517737716,0.0625,0.06292946921767252
50,18,0.0006895454589188609,0.0,0.0005776376616686134
50,19,0.00032965114286302537,0.0,0.00039020164284104137
50,20,0.0005136091410833133,0.0,3.10940775586836e-05
50,21,0.0006069049541280511,0.0,0.0033210846575405188
50,22,0.0011284061130813101,0.0,0.009026356378379789
50,23,0.0003125152711947929,0.0,0.0020044253432455685
50,24,0.0005550271873169859,0.0,0.001187519891324095
50,25,0.00034150160236886336,0.0,0.000373593346969484
50,26,0.0007667059911175081,0.0,0.0015711670224295923
50,27,0.0004645134732860438,0.0,0.002738328766295517
50,28,0.00045257968843881414,0.0,0.0021506132694486574
50,29,0.0007253406190664143,0.0,0.003034823316742001
50,30,0.0009510559431626714,0.0,0.010131001933138897
50,31,0.0009544970574100688,0.0,0.009042713944158507
50,32,0.000786580420033019,0.0,0.004087829174579718
50,33,0.0008120644722835518,0.0625,0.003926235848456272
50,34,0.0005710951852335936,0.0,0.0019405292215418381
50,35,0.0008143564505023269,0.0,0.0007585175128981024
50,36,0.00463251198791115,0.25,0.06024881510666445
50,37,0.00033889040149944735,0.0,0.00040435706107666065
50,38,0.0002710115884615623,0.0,0.0009794068615865395
50,39,0.0001998969333384261,0.0,2.1966461973905835e-05
50,40,0.0008771551367106468,0.0,0.0006592966592367014
50,41,0.0007104072960687609,0.0,0.00046135951119062444
50,42,0.00032680382949657643,0.0,0.005111340488200735
50,43,0.001407300491485529,0.0,0.005740946586659817
50,44,0.0016902976021630684,0.0,0.01224516037293361
50,45,0.000614454789835638,0.0625,0.031621032960456416
50,46,0.0009154688374983803,0.0,0.0003056260788506701
50,47,0.000341546165818629,0.0,0.0004199258457604519
50,48,0.0011810246559924788,0.0,0.006253756130359648
50,49,0.0005554920290935465,0.0,0.005191050577471985
50,50,0.00468624597255559,0.0625,0.04966611224146102
50,51,0.0006490626631260766,0.0625,0.014308270709288067
50,52,0.0004909430567265577,0.0,0.0017453824261570148
50,53,0.0007355352360256934,0.0,0.000625043676332691
50,54,0.000355016317109354,0.0,0.0009300599483130814
50,55,0.00037135818928724047,0.0,0.00023495948242847748
50,56,0.0021697547710976496,0.0625,0.01185085294151016
50,57,0.0006143333263622943,0.0,0.004504776928263763
50,58,0.0010939286879488139,0.0,0.002102810728848121
50,59,0.0008419789464469331,0.0,0.0005016348838702358
50,60,0.0013558159640935448,0.0,0.011742308847110229
50,61,0.002497759712633417,0.0,0.02699979279042046
50,62,0.0007304674039508479,0.0,0.0014931772348946912
50,63,0.0006086253828995016,0.0,0.0035010006260739342
50,64,0.0019440770502012644,0.0,0.04137697205399014
50,65,0.0010021725176193243,0.0,0.004387444953176512
50,66,0.001169047993784254,0.0,0.0031074092275312133
50,67,0.0005014970804168925,0.0,7.559054361450943e-05
50,68,0.0006941347244497422,0.0,0.0033348899192577135
50,69,0.0009868208200354309,0.0,0.007825857761299378
50,70,0.0002746106785501612,0.0,0.0005334041195527704
50,71,0.0016831650330775033,0.125,0.025759726706472783
50,72,0.0011800660921230518,0.0625,0.011397036869384291
50,73,0.0007777112432213075,0.0,0.0009707318865709866
50,74,0.0004943135925690033,0.0,0.003576784725653296
50,75,0.0006301747522241509,0.0,0.004657049870998398
50,76,0.002065513309480792,0.25,0.13705583629112206
50,77,0.0010464563475498212,0.0,0.002017014944374683
50,78,0.00046829287145709305,0.0,4.9049207784578495e-05
50,79,0.00047253037160532765,0.0,0.0018857280997225992
50,80,0.00037898816653093474,0.0,0.001059321692679576
50,81,0.00023742853805519776,0.0,0.0001799642633550724
50,82,0.00041369162582450284,0.0,0.0008018205888116191
50,83,0.0007110248769339701,0.0,0.0018166856581106733
50,84,0.0005422175585863427,0.0,0.005946140460395135
50,85,0.0011535876156363526,0.0625,0.021084583308480596
50,86,0.0008157296034553913,0.0,0.0013386257591002557
50,87,0.000568914519668344,0.0,0.00677796746308425
50,88,0.0005684656826041175,0.0,0.0016869711652714155
50,89,0.0004359122743877962,0.0,0.0014401887372120102
50,90,0.001180986798458433,0.0,0.0011014825263836103
50,91,0.002895820704494019,0.25,0.100555517407397
50,92,0.0005552301131803549,0.0,0.0019202061715846964
50,93,0.0005649489246190973,0.0,0.0006586875075301367
50,94,0.0006094393316310936,0.0,0.0013393408901377895
50,95,0.0017318573502167998,0.0625,0.011156616074194868
50,96,0.0007655045869379529,0.0,0.003787492529926812
50,97,0.003321974474131524,0.1875,0.06729478431053422
50,98,0.0005239417163054932,0.0,0.0014606749283203578
50,99,0.000518315472666314,0.0,0.00173043788301118
51,0,0.0007490188120752114,0.0,nan
51,1,0.00019810871132563284,0.0,nan
51,2,0.0006693820099723611,0.0,nan
51,3,0.0005546060630736556,0.0,nan
51,4,0.0007445158208698115,0.125,nan
51,5,0.0037703355563010682,0.1875,nan
51,6,0.00039154184523969315,0.0,nan
51,7,0.0006857690901577137,0.0,nan
51,8,0.0008336219923991687,0.0625,nan
51,9,0.0006292895920609919,0.0,nan
51,10,0.00031637092438055215,0.0,nan
51,11,0.0006360057528179313,0.0,nan
51,12,0.0006241129705549494,0.0,nan
51,13,0.0008265470971547796,0.0,nan
51,14,0.0014132833040268835,0.125,nan
51,15,0.00032740981826315664,0.0,nan
51,16,0.002070784377263134,0.0625,nan
51,17,0.00039375234716525144,0.0,nan
51,18,0.0015598047626671852,0.0,nan
51,19,0.000545538653790302,0.0,nan
51,20,0.0008003244452140783,0.0,nan
51,21,0.0006929380530968224,0.0,nan
51,22,0.0006156371075737187,0.0,nan
51,23,0.0004960146582425548,0.0,nan
51,24,0.000735741997190431,0.0,nan
51,25,0.000674444033248281,0.0,nan
51,26,0.0004963208894595538,0.0,nan
51,27,0.0009758993408794243,0.0,nan
51,28,0.0006279260203238071,0.0,nan
51,29,0.0004313687488256843,0.0,nan
51,30,0.0004611535629138865,0.0,nan
51,31,0.00038735890243895253,0.0,nan
51,32,0.0011017144033594432,0.0,nan
51,33,0.0009631245427474446,0.0,nan
51,34,0.002025063633223421,0.0625,nan
51,35,0.00046614308230093595,0.0,nan
51,36,0.00042267588224859494,0.0,nan
51,37,0.0008403615988400259,0.0,nan
51,38,0.0006427487344445142,0.0625,nan
51,39,0.0006255848879874995,0.0,nan
51,40,0.0002977947773315972,0.0,nan
51,41,0.0002873824724952456,0.0,nan
51,42,0.0008442020066714016,0.0,nan
51,43,0.000943685212109339,0.0,nan
51,44,0.001012140030656349,0.0625,nan
51,45,0.0006213592795792726,0.0,nan
51,46,0.0010594833065544359,0.0,nan
51,47,0.0006603316139676894,0.0,nan
51,48,0.00036106850288557236,0.0,nan
51,49,0.00027767705658332217,0.0,nan
51,50,0.0003887690844231192,0.0,nan
51,51,0.002253345988269921,0.25,nan
51,52,0.0006828532623789784,0.0,nan
51,53,0.0009239070352863087,0.0,nan
51,54,0.00045717512503594653,0.0,nan
51,55,0.0005609141325175151,0.0,nan
51,56,0.0006040682469586767,0.0,nan
51,57,0.00022323988613103614,0.0,nan
51,58,0.0011714114928963967,0.0,nan
51,59,0.0005662411843727507,0.0,nan
51,60,0.001073115391667696,0.0,nan
51,61,0.0007650262667898748,0.0,nan
51,62,0.0009174910806292462,0.0,nan
51,63,0.0004399579058387028,0.0,nan
51,64,0.0002521438600877003,0.0,nan
51,65,0.0017593266557066785,0.0,nan
51,66,0.000644785962540216,0.0,nan
51,67,0.0006630204529220029,0.0,nan
51,68,0.0005459076502842516,0.0,nan
51,69,0.0009315567011456896,0.125,nan
51,70,0.00029756936540672546,0.0,nan
51,71,0.00045073831066474166,0.0,nan
51,72,0.00033493338508137877,0.0,nan
51,73,0.0007219884583271643,0.0,nan
51,74,0.0009542715743882234,0.0,nan
51,75,0.000984406891304233,0.0625,nan
51,76,0.0017209841965553018,0.0625,nan
51,77,0.00027187152065374936,0.0,nan
51,78,0.00032496106179429973,0.0,nan
51,79,0.0011960868490715538,0.0,nan
51,80,0.0005909878708074545,0.0,nan
51,81,0.0002991405227635228,0.0,nan
51,82,0.0009473199161366896,0.0,nan
51,83,0.001037887256273778,0.0,nan
51,84,0.0006902016128524138,0.0,nan
51,85,0.0013707802634298472,0.0625,nan
51,86,0.00042033636619823606,0.0,nan
51,87,0.0014921872438672231,0.0625,nan
51,88,0.0011795932666195704,0.0,nan
51,89,0.0015455987342306524,0.0,nan
51,90,0.0004988230451128126,0.0625,nan
51,91,0.0005649067216042241,0.0,nan
51,92,0.0004049145370661559,0.0,nan
51,93,0.00044353061808457227,0.0,nan
51,94,0.0011547415876687747,0.0,nan
51,95,0.0017879242949685797,0.0,nan
51,96,0.0007306799702736828,0.0,nan
51,97,0.0012022791717654444,0.0,nan
51,98,0.0005793817865836091,0.0,nan
51,99,0.0011503901062687714,0.0,nan
52,0,0.00023695957354289625,0.0,nan
52,1,0.00043170685881263734,0.0,nan
52,2,0.0005943960343745025,0.0,nan
52,3,0.0005337696494712815,0.0,nan
52,4,0.002811333877974829,0.0625,nan
52,5,0.0004821203727532757,0.0,nan
52,6,0.0007918440003585257,0.0,nan
52,7,0.0008100791970074959,0.0,nan
52,8,0.0014215610651655336,0.0,nan
52,9,0.0002492384089270765,0.0,nan
52,10,0.00038978679341973956,0.0,nan
52,11,0.0006651264058888103,0.0,nan
52,12,0.0006566257603836897,0.0,nan
52,13,0.00029153847738665217,0.0,nan
52,14,0.00048487129551250065,0.0,nan
52,15,0.0005130188762356361,0.0,nan
52,16,0.00025020323352174654,0.0,nan
52,17,0.0005669369177723383,0.0,nan
52,18,0.00030612696807952593,0.0,nan
52,19,0.0003946344774582221,0.0,nan
52,20,0.0006243137323552963,0.0,nan
52,21,0.0002445992718896921,0.0,nan
52,22,0.0008223220338428037,0.0,nan
52,23,0.0011100244532684781,0.0,nan
52,24,0.0005392036315715823,0.0,nan
52,25,0.00035673426575891416,0.0,nan
52,26,0.014525020755304052,0.3125,nan
52,27,0.0005608634622584913,0.0,nan
52,28,0.00034887683470330195,0.0,nan
52,29,0.000369139138800789,0.0,nan
52,30,0.0005234403420048721,0.0,nan
52,31,0.0007779112367956828,0.0,nan
52,32,0.0009407219129321128,0.0,nan
52,33,0.0005663693384920924,0.0,nan
52,34,0.0016167563871050798,0.0625,nan
52,35,0.0008411305923041101,0.0,nan
52,36,0.0014031487061102691,0.0,nan
52,37,0.0005170432051177871,0.0,nan
52,38,0.000873424845159555,0.125,nan
52,39,0.0003115348956300398,0.0,nan
52,40,0.00030098269145678645,0.0,nan
52,41,0.0005137934453595832,0.0,nan
52,42,0.0006006903062513627,0.0,nan
52,43,0.0011700156650553768,0.0,nan
52,44,0.0009811138357564589,0.0,nan
52,45,0.0009165006443026484,0.0,nan
52,46,0.00033457480488757773,0.0,nan
52,47,0.0004504522138611206,0.0,nan
52,48,0.0004231099452147936,0.0,nan
52,49,0.0011579905866448488,0.0,nan
52,50,0.0005551555924063079,0.0,nan
52,51,0.000780777280020552,0.0,nan
52,52,0.0004368962444558809,0.0,nan
52,53,0.0007617932623576498,0.0,nan
52,54,0.0003839343476207221,0.0,nan
52,55,0.00026331231279524297,0.0,nan
52,56,0.0006995981764193998,0.0,nan
52,57,0.0009219466477666301,0.0,nan
52,58,0.000351091495515114,0.0,nan
52,59,0.0011491156726570373,0.0,nan
52,60,0.0002197554226230034,0.0,nan
52,61,0.0008830304078815284,0.0625,nan
52,62,0.0002790095065729191,0.0,nan
52,63,0.0004147438593948801,0.0,nan
52,64,0.0003770886751363038,0.0,nan
52,65,0.0008945960161696491,0.0,nan
52,66,0.0016831656070979326,0.0625,nan
52,67,0.0004886601951545729,0.0,nan
52,68,0.000619399629047244,0.0,nan
52,69,0.0005843106296485473,0.0,nan
52,70,0.00044330504072835435,0.0,nan
52,71,0.0018802687376880617,0.0625,nan
52,72,0.0006128152560755084,0.0,nan
52,73,0.0005899551368089228,0.0,nan
52,74,0.0006022498979226807,0.0,nan
52,75,0.0006530928434065387,0.0,nan
52,76,0.00426274530894245,0.125,nan
52,77,0.0005687983367215723,0.0,nan
52,78,0.0007695501868495102,0.0,nan
52,79,0.0003782923275909481,0.0,nan
52,80,0.00044302259823888264,0.0,nan
52,81,5.205517750714798e-05,0.0,nan
52,82,0.0011370628242492133,0.0,nan
52,83,0.0006646159312737364,0.0625,nan
52,84,0.00020009230552374836,0.0,nan
52,85,0.0006784744446648918,0.0,nan
52,86,0.0009551141755818444,0.0,nan
52,87,0.0015037878861662035,0.0,nan
52,88,0.00033981550822015415,0.0,nan
52,89,0.00036056024632379,0.0,nan
52,90,0.0009150115987715394,0.0,nan
52,91,0.0004991369224837149,0.0625,nan
52,92,0.000754226965324856,0.0,nan
52,93,0.0003644184944989228,0.0,nan
52,94,0.00040982858431773926,0.0,nan
52,95,0.0005395565777616123,0.0,nan
52,96,0.0005704004543298013,0.0,nan
52,97,0.002142981791315836,0.0625,nan
52,98,0.0004406590884514498,0.0,nan
52,99,0.0008347840267689409,0.0,nan
53,0,0.0007247874598370321,0.0,nan
53,1,0.000531900158971755,0.0,nan
53,2,0.00021127342861392538,0.0,nan
53,3,0.001162749582126637,0.0625,nan
53,4,0.000497023088542796,0.0,nan
53,5,0.000771252339971329,0.0,nan
53,6,0.0007797371120622044,0.0625,nan
53,7,0.0005549716783317606,0.0625,nan
53,8,0.0011282363207757867,0.0,nan
53,9,0.012172547648260416,0.375,nan
53,10,0.0007485588895004959,0.0,nan
53,11,0.0006340055243003052,0.0,nan
53,12,0.0008475000222139617,0.0,nan
53,13,0.0005367291885094612,0.0,nan
53,14,0.001010594751356876,0.0,nan
53,15,0.00021764253439604097,0.0,nan
53,16,0.0016517077805444937,0.0625,nan
53,17,0.0008986593367793323,0.0,nan
53,18,0.0006195530132882452,0.0,nan
53,19,0.0017429305723192703,0.0,nan
53,20,0.0011344384073336687,0.0,nan
53,21,0.0002364501831924771,0.0,nan
53,22,0.0007493593523794284,0.0,nan
53,23,0.0017189597073537853,0.0625,nan
53,24,0.0006595769379488281,0.0,nan
53,25,0.0004479193750726462,0.0,nan
53,26,0.0007724362381977427,0.0,nan
53,27,0.0004665183820925938,0.0,nan
53,28,0.0003736526682277455,0.0,nan
53,29,0.0005966293641858401,0.0,nan
53,30,0.0007427933197819258,0.0,nan
53,31,0.0005660991517353746,0.0,nan
53,32,0.00022675476413846167,0.0,nan
53,33,0.0007084806963477612,0.0,nan
53,34,0.0004994403375329249,0.0,nan
53,35,0.0005279331007142247,0.0,nan
53,36,0.0023577327530107045,0.125,nan
53,37,0.0004128639051992072,0.0,nan
53,38,0.00066482777843492,0.0,nan
53,39,0.00035399136683743934,0.0,nan
53,40,0.0006547922115882731,0.0,nan
53,41,0.00041096696351085175,0.0,nan
53,42,0.00024350885150968625,0.0,nan
53,43,0.0005857318965328956,0.0,nan
53,44,0.004488959180411527,0.125,nan
53,45,0.0007434261026534855,0.0,nan
53,46,0.0005294937141305869,0.0,nan
53,47,0.0007199785995289821,0.0,nan
53,48,0.0005543897607117622,0.0,nan
53,49,0.00072257312794459,0.0,nan
53,50,0.0009836760321970523,0.0,nan
53,51,0.0001430279953380627,0.0,nan
53,52,0.00033906454840557814,0.0,nan
53,53,0.0007769243803509241,0.0,nan
53,54,0.0007921908519642728,0.0,nan
53,55,0.0004942212716492756,0.0,nan
53,56,0.0007461133919883446,0.0,nan
53,57,0.0004731963403946506,0.0,nan
53,58,0.0014624127654302935,0.0,nan
53,59,0.0005242573846232331,0.0,nan
53,60,0.0007758081149832883,0.0,nan
53,61,0.0005512274491335152,0.0,nan
53,62,0.0007417596019669775,0.0,nan
53,63,0.000565063278795004,0.0,nan
53,64,0.0007623895344113702,0.0,nan
53,65,0.0018098334004243446,0.125,nan
53,66,0.0002477896534712097,0.0,nan
53,67,0.00039620719397407344,0.0,nan
53,68,0.0005119324893190961,0.0,nan
53,69,0.00042983626142773624,0.0,nan
53,70,0.0005292627919751623,0.0,nan
53,71,0.0004534189609615787,0.0625,nan
53,72,0.000583873855554856,0.0,nan
53,73,0.0004600141230625378,0.0,nan
53,74,0.0006112711597994487,0.0,nan
53,75,0.0005183062666199276,0.0,nan
53,76,0.000699322615100234,0.0625,nan
53,77,0.0003665147306690501,0.0,nan
53,78,0.0004031143080006959,0.0,nan
53,79,0.0008096801931996673,0.0,nan
53,80,0.0002444483244020982,0.0,nan
53,81,0.0007087132793510984,0.0,nan
53,82,0.0013225849594742018,0.0,nan
53,83,0.0002350092534554921,0.0,nan
53,84,0.0004844314526820415,0.0,nan
53,85,0.0009337969680145366,0.0,nan
53,86,0.00072023651258782,0.0,nan
53,87,0.001195009320486958,0.0625,nan
53,88,0.0012435575078630155,0.0,nan
53,89,0.0010096069483079763,0.0,nan
53,90,0.00044082721942618314,0.0,nan
53,91,0.0005987555660301812,0.0625,nan
53,92,0.0006657298069497643,0.0,nan
53,93,0.000444431678522131,0.0,nan
53,94,0.00067011668369192,0.0,nan
53,95,0.00039428980574754505,0.0,nan
53,96,0.001116518098935507,0.0,nan
53,97,0.0007629299705997946,0.0,nan
53,98,0.000315877582827074,0.0,nan
53,99,0.0007043704714724327,0.0,nan
54,0,0.0004086319773846836,0.0,nan
54,1,0.0005036524077163303,0.0,nan
54,2,0.0005327231293282475,0.0,nan
54,3,0.0003162038247053362,0.0,nan
54,4,0.0011816198421387035,0.0625,nan
54,5,0.0010022864108363986,0.125,nan
54,6,0.0008080762955635491,0.0,nan
54,7,0.00030438437318184284,0.0,nan
54,8,0.0005491893464581879,0.0,nan
54,9,0.001222997794559103,0.0,nan
54,10,0.0006567004099529182,0.0,nan
54,11,0.0004400822584854702,0.0,nan
54,12,0.001021193401760335,0.0,nan
54,13,0.000494839698056558,0.0,nan
54,14,0.0009522353864754578,0.0,nan
54,15,0.000607746359379394,0.0625,nan
54,16,0.0003530264986667277,0.0,nan
54,17,0.00083407775768694,0.0,nan
54,18,0.0003491008653467116,0.0,nan
54,19,0.0004744049270002579,0.0,nan
54,20,0.0008691711151263477,0.0,nan
54,21,0.00025890440992669547,0.0,nan
54,22,0.0006039670275391502,0.0,nan
54,23,0.00040625957546289637,0.0,nan
54,24,0.00015930046639929836,0.0,nan
54,25,0.000504916893121551,0.0,nan
54,26,0.00020472634153786206,0.0,nan
54,27,0.0005045617129244164,0.0,nan
54,28,0.00037061871078861717,0.0,nan
54,29,0.004655256451680113,0.0625,nan
54,30,0.00045883000795296844,0.0,nan
54,31,0.000591086218217242,0.0,nan
54,32,0.0007530500006712016,0.0,nan
54,33,0.0003066852899075161,0.0,nan
54,34,0.0004977708258177872,0.0,nan
54,35,0.001379741422955156,0.0,nan
54,36,0.008680680596030811,0.25,nan
54,37,0.0005493640659406157,0.0,nan
54,38,0.0012294790305542314,0.0,nan
54,39,0.001126568712696893,0.0,nan
54,40,0.00027545737766377027,0.0,nan
54,41,0.00046764718517822124,0.0,nan
54,42,0.0038953723417240404,0.3125,nan
54,43,0.00023238429028872348,0.0,nan
54,44,0.00043665462353990333,0.0,nan
54,45,0.006501014876272902,0.1875,nan
54,46,0.00029096936217157585,0.0,nan
54,47,0.00045208496832131447,0.0,nan
54,48,0.0004212222126853492,0.0,nan
54,49,0.0019009624395989666,0.0,nan
54,50,0.0009323216972304006,0.0625,nan
54,51,0.0007339055906815268,0.0,nan
54,52,0.00029463838204221346,0.0,nan
54,53,0.0007525924941291706,0.0,nan
54,54,0.00037755615092842094,0.0,nan
54,55,0.0004702109325732892,0.0,nan
54,56,0.0017968037144873452,0.0625,nan
54,57,0.0009182588603915927,0.0,nan
54,58,0.0003808749314650954,0.0,nan
54,59,0.0005845207024976775,0.0,nan
54,60,0.0007321989728644096,0.0,nan
54,61,0.002814192079990612,0.0,nan
54,62,0.00046824956149885523,0.0,nan
54,63,0.0006073154977493842,0.0,nan
54,64,0.0006310994014623422,0.0,nan
54,65,0.0010154606637288628,0.0,nan
54,66,0.00025219451667607103,0.0,nan
54,67,0.0004927333771131324,0.0,nan
54,68,0.00026938098600593787,0.0,nan
54,69,0.000601437781406363,0.0,nan
54,70,0.0004795064775871415,0.0,nan
54,71,0.001115038779062141,0.0,nan
54,72,0.001192220503041056,0.125,nan
54,73,0.0010164272978849444,0.0625,nan
54,74,0.0002510883514444793,0.0,nan
54,75,0.00024220739116313948,0.0,nan
54,76,0.008410423861955148,0.25,nan
54,77,0.0006073734314552138,0.0,nan
54,78,0.0005100426670844342,0.0,nan
54,79,0.000756097422304154,0.0625,nan
54,80,0.0001454357196796445,0.0,nan
54,81,0.0004360528056187215,0.0,nan
54,82,0.0003502871854058793,0.0,nan
54,83,0.0004964483264957051,0.0,nan
54,84,0.0005749980124351675,0.0,nan
54,85,0.0004074773135312865,0.0,nan
54,86,0.00048792997875110356,0.0,nan
54,87,0.00043991814754851797,0.0,nan
54,88,0.0005077884518946362,0.0,nan
54,89,0.0004880645015544843,0.0,nan
54,90,0.0008153666816013946,0.0625,nan
54,91,0.00024947897982607143,0.0,nan
54,92,0.0004251286572977427,0.0,nan
54,93,0.0005188021061727261,0.0,nan
54,94,0.0006767627900736248,0.0,nan
54,95,0.00039966895275680124,0.0,nan
54,96,0.00047667705262513033,0.0,nan
54,97,0.0004006340807961459,0.0,nan
54,98,0.00039218083724937595,0.0,nan
54,99,0.0002419531880866139,0.0,nan
55,0,0.0003414584139528319,0.0,nan
55,1,0.0005346303844379896,0.125,nan
55,2,0.0002984686435518224,0.0,nan
55,3,0.0006748589052282861,0.0,nan
55,4,0.001978724251244595,0.25,nan
55,5,0.0002982117902112841,0.0,nan
55,6,0.0008047228470982433,0.0,nan
55,7,0.0010040439844181466,0.0,nan
55,8,0.0010259933637476993,0.0,nan
55,9,0.0013954069611826925,0.0,nan
55,10,0.0007009834843643994,0.0,nan
55,11,0.0012379951021204152,0.0,nan
55,12,0.0009714355284856854,0.0,nan
55,13,0.0008652530513239562,0.0,nan
55,14,0.0007114396017584542,0.0,nan
55,15,0.0005022992464150482,0.0,nan
55,16,0.0018002956934309337,0.0625,nan
55,17,0.00105550552511608,0.0,nan
55,18,0.0006521861705871702,0.0,nan
55,19,0.00039760355083391977,0.0,nan
55,20,0.001018309435387486,0.0,nan
55,21,0.0006990481404250495,0.0,nan
55,22,0.0005379710633859021,0.0,nan
55,23,0.0006236116654767866,0.0,nan
55,24,0.000653906657130446,0.0,nan
55,25,0.0007677794581723559,0.0,nan
55,26,0.00030012257686366567,0.0,nan
55,27,0.0007238922408767018,0.0,nan
55,28,0.00032896835993055017,0.0,nan
55,29,0.0009027446395178103,0.0,nan
55,30,0.0004830618922486317,0.0,nan
55,31,0.0014973900295597435,0.0,nan
55,32,0.0003037611487685471,0.0,nan
55,33,0.00020377746564123692,0.0,nan
55,34,0.0005040965873149935,0.0,nan
55,35,0.0013573237929062258,0.0625,nan
55,36,0.0016797448062571695,0.0625,nan
55,37,0.0006202296421905955,0.0,nan
55,38,0.0007237652225866181,0.0,nan
55,39,0.0004991371510622167,0.0,nan
55,40,0.0005911331732818762,0.0,nan
55,41,0.000684887166380384,0.0,nan
55,42,0.001897490681637189,0.0,nan
55,43,0.0011043019007226833,0.0625,nan
55,44,0.0017678607589334387,0.0,nan
55,45,0.0008185145061902922,0.0,nan
55,46,0.001706664803766595,0.0,nan
55,47,0.0005954343163624412,0.125,nan
55,48,0.0012649142186080364,0.0625,nan
55,49,0.000651465399433457,0.0,nan
55,50,0.0015384263326874044,0.0625,nan
55,51,0.00047986176342567006,0.0,nan
55,52,0.00032381803125638433,0.0,nan
55,53,0.0003320760902000378,0.0,nan
55,54,0.0007709366596990535,0.0,nan
55,55,0.0004954789908662464,0.0,nan
55,56,0.0003763160533300542,0.0,nan
55,57,0.0007527659190735892,0.0,nan
55,58,0.0002921756932781714,0.0,nan
55,59,0.0005483048967866925,0.0,nan
55,60,0.000989171179197918,0.0,nan
55,61,0.0007600354583059217,0.0,nan
55,62,0.000998796420252791,0.0,nan
55,63,0.0007292298924393046,0.0,nan
55,64,0.0016662687827623294,0.0,nan
55,65,0.0001888561901056933,0.0,nan
55,66,0.002253747390958075,0.0,nan
55,67,0.0002974704109410578,0.0,nan
55,68,0.0004058184048820912,0.0,nan
55,69,0.0006322638540668863,0.0,nan
55,70,0.0005615335952163777,0.0,nan
55,71,0.0004034605401589442,0.0,nan
55,72,0.0007491391304350694,0.0,nan
55,73,0.0008711901777613811,0.0,nan
55,74,0.0005969601825273666,0.0,nan
55,75,0.00026104545690684255,0.0,nan
55,76,0.001599507565090697,0.0625,nan
55,77,0.0004667753915376608,0.0,nan
55,78,0.0005507718703558756,0.0,nan
55,79,0.001816949920487026,0.0625,nan
55,80,0.0005106265517421949,0.0,nan
55,81,0.0005643291442267496,0.0,nan
55,82,0.0009647833423069382,0.0,nan
55,83,0.0003525471084716123,0.0,nan
55,84,0.0015555123829189875,0.0,nan
55,85,0.0005537969755031995,0.0,nan
55,86,0.000756581100648239,0.0,nan
55,87,0.0010160363368624335,0.0,nan
55,88,0.0003888538745833763,0.0,nan
55,89,0.00028676406756619494,0.0,nan
55,90,0.0011474613819283117,0.0,nan
55,91,0.0004166677780347395,0.0,nan
55,92,0.0011826714069299196,0.0,nan
55,93,0.0003092300647085211,0.0,nan
55,94,0.0005083035202036675,0.0,nan
55,95,0.00042600349498025567,0.0,nan
55,96,0.0019524221468580332,0.0,nan
55,97,0.0033124928746842116,0.1875,nan
55,98,0.0006760199134498378,0.0,nan
55,99,0.0004939533114688288,0.0625,nan
56,0,0.00040509470161371943,0.0,nan
56,1,0.00036735238158049034,0.0,nan
56,2,0.0005580670177329476,0.0,nan
56,3,0.0015277096257986357,0.0,nan
56,4,0.002992225590416582,0.1875,nan
56,5,0.0007275355672546972,0.0,nan
56,6,0.00047075178837642083,0.0,nan
56,7,0.0009180090120802602,0.0,nan
56,8,0.0008955012586843356,0.0,nan
56,9,0.0012552046665603935,0.0,nan
56,10,0.000362259228921635,0.0,nan
56,11,0.0005296678166830599,0.0,nan
56,12,0.0009388535331797718,0.0,nan
56,13,0.00021415570917168904,0.0,nan
56,14,0.0013736722384958212,0.0625,nan
56,15,0.0012340787709921933,0.0625,nan
56,16,0.001663241624896598,0.0,nan
56,17,0.0006255859009610829,0.0,nan
56,18,0.0007192075093662263,0.0,nan
56,19,0.0006191964155337069,0.0,nan
56,20,0.0006497388320990288,0.0,nan
56,21,0.000646322000580543,0.0,nan
56,22,0.00027681532188281383,0.0,nan
56,23,0.0006661286363364222,0.0,nan
56,24,0.0007851042064072711,0.0,nan
56,25,0.00022576616690864456,0.0,nan
56,26,0.0004873453227195908,0.0,nan
56,27,0.001686817466912331,0.0625,nan
56,28,0.0005978393518013534,0.0,nan
56,29,0.0008337727431731693,0.0,nan
56,30,0.00040094739878324234,0.0,nan
56,31,0.0005811807286776351,0.0,nan
56,32,0.00048648248013499296,0.0,nan
56,33,0.002134068831103537,0.0,nan
56,34,0.00048246702857173904,0.0,nan
56,35,0.0006255288564540658,0.0,nan
56,36,0.001837718490596414,0.125,nan
56,37,0.0005718060177512712,0.0,nan
56,38,0.001415097183096196,0.125,nan
56,39,0.0006945462300457161,0.0,nan
56,40,0.0008194101424424486,0.0,nan
56,41,0.0006153282811017147,0.0,nan
56,42,0.0004398861673725165,0.0,nan
56,43,0.001442717440591581,0.0,nan
56,44,0.0034297844527787285,0.0,nan
56,45,0.0008626637272523667,0.0625,nan
56,46,0.0019379905826875951,0.0,nan
56,47,0.0012462459875536597,0.0,nan
56,48,0.0011007896196391863,0.0625,nan
56,49,0.0006822222667995288,0.0,nan
56,50,0.0007929148309092284,0.0625,nan
56,51,0.001283602445491814,0.0,nan
56,52,0.0006670793806867494,0.0,nan
56,53,0.0009572336598637167,0.0,nan
56,54,0.001079206792861409,0.0,nan
56,55,0.00029933321805668197,0.0,nan
56,56,0.0002957088717942408,0.0,nan
56,57,0.0005589742262769499,0.0,nan
56,58,0.00085023958930818,0.0,nan
56,59,0.0004034592557456868,0.0,nan
56,60,0.0014255322845877349,0.0,nan
56,61,0.0016850149524192685,0.0625,nan
56,62,0.0010293768007397805,0.0625,nan
56,63,0.0008757226827198697,0.0,nan
56,64,0.001119025194952086,0.0625,nan
56,65,0.0006448095136704385,0.0,nan
56,66,0.000848521978036923,0.0625,nan
56,67,0.0009168709706346042,0.0625,nan
56,68,0.0008109664167724576,0.0,nan
56,69,0.00038552713603053,0.0,nan
56,70,0.0006215002273870274,0.0,nan
56,71,0.0005906159336826325,0.0,nan
56,72,0.0004803120216802302,0.0,nan
56,73,0.0007160674499979819,0.0,nan
56,74,0.0007885104210196599,0.0,nan
56,75,0.0019044689592087353,0.0,nan
56,76,0.0011597766715344773,0.125,nan
56,77,0.0005696607925075477,0.0,nan
56,78,0.0006163885665471577,0.0,nan
56,79,0.0007429516161672474,0.0,nan
56,80,0.000274269509032224,0.0,nan
56,81,0.0005188677713243343,0.0,nan
56,82,0.0007316528083344605,0.0,nan
56,83,0.0004518845021887751,0.0,nan
56,84,0.000817421926210495,0.0,nan
56,85,0.00010642785688284181,0.0,nan
56,86,0.00023246772168975487,0.0,nan
56,87,0.0005795770928390795,0.0,nan
56,88,0.00043353215806642945,0.0,nan
56,89,0.0007382235436730472,0.0,nan
56,90,0.0005461418528611193,0.0,nan
56,91,0.0005895761514087571,0.0,nan
56,92,0.001106010304266573,0.0,nan
56,93,0.0010413391230388329,0.0,nan
56,94,0.0002854893001498248,0.0,nan
56,95,0.0010498262534720162,0.0625,nan
56,96,0.0005296213315321939,0.0,nan
56,97,0.0001794988477786519,0.0,nan
56,98,0.000610122489846538,0.0,nan
56,99,0.0005603843470170465,0.0,nan
57,0,0.001964235233469921,0.125,nan
57,1,0.0008186459841520262,0.0,nan
57,2,0.0005720691280505203,0.0,nan
57,3,0.0007425043243824711,0.0,nan
57,4,0.0015250345968095642,0.25,nan
57,5,0.0007480200197841852,0.0,nan
57,6,0.00030430433140159175,0.0,nan
57,7,0.0006055116731582203,0.0,nan
57,8,0.0011276116741368812,0.0,nan
57,9,0.002845274231899819,0.0625,nan
57,10,0.0007926403664021988,0.0,nan
57,11,0.0007684111337145984,0.0,nan
57,12,0.0012216418936842714,0.0,nan
57,13,0.0017058419677640384,0.0625,nan
57,14,0.00029072993497800115,0.0,nan
57,15,0.000542960701150098,0.0,nan
57,16,0.0009238723331941117,0.0625,nan
57,17,0.002237234836966795,0.125,nan
57,18,0.0009081518320024778,0.0,nan
57,19,0.00016404251477394302,0.0,nan
57,20,0.0006304152284626883,0.0,nan
57,21,0.0011110285154025549,0.0625,nan
57,22,0.0002713364245154966,0.0,nan
57,23,0.0010819747976806384,0.0,nan
57,24,0.0001887525133551243,0.0,nan
57,25,0.000598792427398827,0.0,nan
57,26,0.011415850076243832,0.3125,nan
57,27,2.8894290912189715e-05,0.0,nan
57,28,0.0002613758093212909,0.0,nan
57,29,0.00042339317375132907,0.0,nan
57,30,0.00023738454365967716,0.0,nan
57,31,0.0005536534892404805,0.0,nan
57,32,0.0004359262002099818,0.0,nan
57,33,0.0010394065360106483,0.0,nan
57,34,0.0008054339326319424,0.0,nan
57,35,0.0015521582855608936,0.0,nan
57,36,0.0009160262391215357,0.0,nan
57,37,0.0011511028298702131,0.0,nan
57,38,0.00033845983066694527,0.0,nan
57,39,0.0007258380824049489,0.0,nan
57,40,0.0016805529987547454,0.0625,nan
57,41,0.0007252722749220678,0.0,nan
57,42,0.0019667228246675952,0.0,nan
57,43,0.0009299161796317676,0.0,nan
57,44,0.0013684451133457926,0.0,nan
57,45,0.0006784048740673665,0.0,nan
57,46,0.0004572080711221694,0.0,nan
57,47,0.0009492262721610477,0.0625,nan
57,48,0.000616663380224876,0.0,nan
57,49,0.0005530185237934801,0.0,nan
57,50,0.0004103670521931497,0.0,nan
57,51,0.0009007268202367371,0.0,nan
57,52,0.0006953011270135211,0.0,nan
57,53,0.0005419120216315922,0.0,nan
57,54,0.0003620412108578571,0.0,nan
57,55,0.000853496430365949,0.0,nan
57,56,0.0006402530896202835,0.0,nan
57,57,0.0010615946648174722,0.0,nan
57,58,0.001053814891219573,0.0,nan
57,59,0.00010160997878447052,0.0,nan
57,60,0.00083206974823557,0.125,nan
57,61,0.0004072537157870668,0.0,nan
57,62,0.00037465932358734426,0.0,nan
57,63,0.0007428324271668469,0.0,nan
57,64,0.0006782091818287651,0.0,nan
57,65,0.001563647942442768,0.0,nan
57,66,0.0005843088224371481,0.0,nan
57,67,0.00029384156329892826,0.0,nan
57,68,0.002331523275634211,0.0625,nan
57,69,0.0007341034204434881,0.0,nan
57,70,0.00034067543717712157,0.0,nan
57,71,0.00025603777759273996,0.0,nan
57,72,0.0011626894571971805,0.0,nan
57,73,0.0005172550789736411,0.0,nan
57,74,0.0005365757757255241,0.0,nan
57,75,0.0005417543396759781,0.0625,nan
57,76,0.004526730869946755,0.125,nan
57,77,0.0007355835618627106,0.0,nan
57,78,0.00039897041070117805,0.0,nan
57,79,0.002063013750811152,0.0,nan
57,80,0.003803791418461235,0.3125,nan
57,81,0.0007993726638752598,0.0,nan
57,82,0.00014352389496905286,0.0,nan
57,83,0.0003440596893919443,0.0,nan
57,84,0.0003111852910894148,0.0,nan
57,85,0.00042835466764717565,0.0,nan
57,86,0.0010133247070278537,0.0,nan
57,87,0.0007361973051580241,0.0,nan
57,88,0.0022438325357955124,0.0,nan
57,89,0.0006124781017672906,0.0,nan
57,90,0.0006119154726118433,0.0,nan
57,91,0.0006159327226918764,0.0,nan
57,92,0.0007013343421804598,0.0,nan
57,93,0.0007170607419085117,0.0,nan
57,94,0.0004251733839940891,0.0,nan
57,95,0.00071274221673828,0.0,nan
57,96,0.0009937111531102853,0.0,nan
57,97,0.0003869386058102882,0.0,nan
57,98,0.003212809775566351,0.125,nan
57,99,0.00036748694092317524,0.0,nan
58,0,0.0004577917095216148,0.0,nan
58,1,0.00035919544089310445,0.0,nan
58,2,0.0009755053756316317,0.0,nan
58,3,0.0005282604683235144,0.0,nan
58,4,0.00015891968964897095,0.0,nan
58,5,0.0016795461436430652,0.0625,nan
58,6,0.0006593091263452614,0.0625,nan
58,7,0.0004758658822511158,0.0,nan
58,8,0.0012663517685281627,0.0,nan
58,9,0.0028689339524481756,0.25,nan
58,10,0.0009306260516829365,0.0,nan
58,11,0.0005829612482084999,0.0,nan
58,12,0.00045936289500415737,0.0,nan
58,13,0.00018286545009563054,0.0,nan
58,14,0.00038158037948923216,0.0625,nan
58,15,0.00020526615070112726,0.0,nan
58,16,0.0014059639768642543,0.0,nan
58,17,0.0004939828243191994,0.0625,nan
58,18,0.0013890725451406604,0.0,nan
58,19,0.0003875014782808688,0.0,nan
58,20,0.0003495292313569884,0.0,nan
58,21,0.0008171450357067833,0.0,nan
58,22,0.0004903748989938867,0.0,nan
58,23,0.000291161662827469,0.0,nan
58,24,0.0011436607632674535,0.0,nan
58,25,0.0002827732801228589,0.0,nan
58,26,0.0009275308609244717,0.0,nan
58,27,0.0006465460445815568,0.0,nan
58,28,0.0005787491231596542,0.0,nan
58,29,0.0005076711458813029,0.0,nan
58,30,0.00030828836829175114,0.0,nan
58,31,0.0003054336191406804,0.0,nan
58,32,0.000799605948902965,0.0,nan
58,33,0.0012052454375072585,0.125,nan
58,34,0.0003231622685983113,0.0,nan
58,35,0.0006241928955099309,0.0,nan
58,36,0.006863239572775197,0.25,nan
58,37,0.0005265694719843935,0.0,nan
58,38,0.0005236964313716892,0.0,nan
58,39,0.0007227271601423857,0.0,nan
58,40,0.0002497027331072989,0.0,nan
58,41,0.00046325703492002056,0.0,nan
58,42,0.0006396565411566223,0.0,nan
58,43,0.00036745360872390305,0.0,nan
58,44,0.0007205720796593753,0.0625,nan
58,45,0.001004087615253766,0.0,nan
58,46,0.0009904798104522741,0.0,nan
58,47,0.0005536403874781912,0.0,nan
58,48,0.000507836894711005,0.0,nan
58,49,0.00031829217862374966,0.0,nan
58,50,0.00013326507056413709,0.0,nan
58,51,0.0011753080445562948,0.0,nan
58,52,0.0009426273901908836,0.0,nan
58,53,0.0003326411843144096,0.0,nan
58,54,0.0008513420610105487,0.0,nan
58,55,0.00024209883952891226,0.0,nan
58,56,0.0011096234991056061,0.0625,nan
58,57,0.0007370293254816568,0.0,nan
58,58,0.0008906638302682585,0.0,nan
58,59,4.735602229624552e-05,0.0,nan
58,60,0.00027079879010461275,0.0,nan
58,61,0.0012054095173803527,0.0,nan
58,62,0.0014873201584445564,0.0,nan
58,63,0.0002091011523132252,0.0,nan
58,64,0.003422315893526931,0.0625,nan
58,65,0.0012138711342780072,0.0,nan
58,66,0.0004150814206005371,0.0,nan
58,67,0.0007645232093705335,0.0,nan
58,68,0.00031614308471413573,0.0,nan
58,69,0.0008441961435474776,0.0,nan
58,70,0.00040631634947677466,0.0,nan
58,71,0.0011664111874076341,0.0625,nan
58,72,0.0013924434628103505,0.0,nan
58,73,0.0006986010732189915,0.0,nan
58,74,0.0006051583057946814,0.0,nan
58,75,0.00027624553141453287,0.0,nan
58,76,0.0008373093272531327,0.0,nan
58,77,0.0002637280644505893,0.0,nan
58,78,0.0005521132399260323,0.0,nan
58,79,0.0011914405356531843,0.0,nan
58,80,0.0003366281375724515,0.0,nan
58,81,0.0007712288247503281,0.0,nan
58,82,0.0018712638026240052,0.0,nan
58,83,0.0006435047292471336,0.0,nan
58,84,0.0006581843776234082,0.0,nan
58,85,0.0006236043493454735,0.0,nan
58,86,0.000697880043169609,0.0,nan
58,87,0.000718130913670225,0.0,nan
58,88,0.0008386514735783869,0.0,nan
58,89,0.0006729684175244271,0.0,nan
58,90,0.00033825975103287867,0.0,nan
58,91,0.0006083066413209751,0.0,nan
58,92,0.0003559633912867345,0.0,nan
58,93,0.0004832921471667207,0.0,nan
58,94,0.0008849688012517833,0.0,nan
58,95,0.0005409416373692907,0.0,nan
58,96,0.00034654016677465366,0.0,nan
58,97,0.0018540178467824036,0.0,nan
58,98,0.0005338748704572059,0.0,nan
58,99,0.001149602398589548,0.0,nan
59,0,0.00044215640567696324,0.0,nan
59,1,0.0011949030011426081,0.0,nan
59,2,0.0008165965064034713,0.0,nan
59,3,0.001974562119651062,0.0625,nan
59,4,0.004006501848378612,0.1875,nan
59,5,0.004460105155935978,0.125,nan
59,6,0.0004057982254360657,0.0,nan
59,7,0.0011299999760805866,0.0,nan
59,8,0.00023949569043219253,0.0,nan
59,9,0.0011267313937230068,0.125,nan
59,10,0.00027087409002055237,0.0,nan
59,11,0.0010440783393670823,0.0,nan
59,12,0.0005669902950973285,0.0,nan
59,13,0.0006531418282138004,0.0,nan
59,14,4.094022879042741e-05,0.0,nan
59,15,0.0013812795908670211,0.0625,nan
59,16,0.002690272627624608,0.1875,nan
59,17,0.00028721121841367354,0.0,nan
59,18,0.0006941862991837438,0.0625,nan
59,19,0.0004424223560814945,0.0,nan
59,20,0.000342664835850508,0.0,nan
59,21,0.0009335867328008066,0.0,nan
59,22,0.0003445379200332301,0.0,nan
59,23,0.003445842882160716,0.0625,nan
59,24,0.0005202898645836865,0.0,nan
59,25,0.0012869296887923528,0.0,nan
59,26,0.0010300094855183826,0.0,nan
59,27,0.0002181091063690284,0.0,nan
59,28,0.000868819114481464,0.0,nan
59,29,0.0012347264109807913,0.0,nan
59,30,0.0003781319151373533,0.0,nan
59,31,0.0005359359119722199,0.0,nan
59,32,0.0005392747204248179,0.0,nan
59,33,0.0007726407722831937,0.0,nan
59,34,0.0006671435138706944,0.0,nan
59,35,0.0005822150313995347,0.0,nan
59,36,0.0009161456672249109,0.0,nan
59,37,0.000679969576544367,0.0,nan
59,38,0.0012252455847418776,0.0,nan
59,39,0.000782252378632024,0.0,nan
59,40,0.00046564117779492276,0.0,nan
59,41,0.0012014848563415325,0.0,nan
59,42,0.0017421740405073444,0.125,nan
59,43,0.0016279916705279071,0.0,nan
59,44,0.004088236152362895,0.125,nan
59,45,0.0050139950791098405,0.125,nan
59,46,0.0004476992898017606,0.0,nan
59,47,0.000658760314455234,0.0,nan
59,48,0.0017359278958666718,0.0,nan
59,49,0.0004877912717517321,0.0,nan
59,50,0.0019224751732369342,0.0,nan
59,51,0.00104241038975606,0.0,nan
59,52,0.000586488979431896,0.0,nan
59,53,0.0004835109548800906,0.0,nan
59,54,0.0004099534559000617,0.0,nan
59,55,0.0011118006700209914,0.0,nan
59,56,0.00045464132991956767,0.0,nan
59,57,0.0013568194132649973,0.0,nan
59,58,0.0006967359693169565,0.0,nan
59,59,0.00013555414093972655,0.0,nan
59,60,0.0006046361856198283,0.0,nan
59,61,0.0005538085486880328,0.0,nan
59,62,0.0006941596359907698,0.0,nan
59,63,0.0009597294761540523,0.0625,nan
59,64,0.0011746820685357559,0.0625,nan
59,65,0.0005530986547161425,0.0,nan
59,66,0.0003901233155574086,0.0,nan
59,67,0.00037423834904262135,0.0,nan
59,68,0.0009672214347754254,0.0,nan
59,69,0.0006365807685501336,0.0,nan
59,70,0.0018747131037727205,0.0,nan
59,71,0.0016557122345106303,0.0,nan
59,72,0.0013205202062442551,0.0,nan
59,73,0.0005754253502389809,0.0,nan
59,74,0.0010803839868383522,0.0,nan
59,75,0.0005534518237311319,0.0,nan
59,76,0.0008365450816002708,0.0,nan
59,77,0.00040336836371033776,0.0,nan
59,78,0.0012844877688430137,0.0,nan
59,79,0.0003419124802310254,0.0,nan
59,80,0.0014181578891066583,0.0,nan
59,81,0.0008183677046257633,0.0,nan
59,82,0.0004124943693684865,0.0,nan
59,83,0.0008366208343859255,0.0,nan
59,84,0.00044843079390720803,0.0,nan
59,85,0.0005264238823087914,0.0,nan
59,86,0.00014115991024420994,0.0,nan
59,87,0.0005255054711651729,0.0,nan
59,88,0.00019402790458711443,0.0,nan
59,89,0.0007718533297457036,0.0,nan
59,90,0.0008792453121792409,0.0,nan
59,91,0.0005341408261655048,0.0,nan
59,92,0.0003979530219276268,0.0,nan
59,93,0.0004545723949825561,0.0,nan
59,94,0.0007361146435397323,0.0,nan
59,95,0.00031210938229392924,0.0,nan
59,96,0.0010873584953710923,0.0,nan
59,97,0.0011926802530365615,0.0,nan
59,98,0.0008431524008459344,0.0,nan
59,99,0.0016694421550264432,0.0,nan
60,0,0.0003668697140696074,0.0,nan
60,1,0.0005855875210867578,0.0,nan
60,2,0.00042521935224670577,0.0,nan
60,3,0.003397340429132434,0.0625,nan
60,4,0.0008637695617256453,0.0,nan
60,5,0.005370921001127945,0.3125,nan
60,6,0.0004927025120504637,0.0,nan
60,7,0.0004943004667522638,0.0,nan
60,8,0.001331279392293271,0.125,nan
60,9,0.0014560374953585665,0.0625,nan
60,10,0.0013316453417872528,0.0,nan
60,11,0.00012268970713631146,0.0,nan
60,12,0.0008966848849003748,0.0,nan
60,13,0.0008772223199999817,0.125,nan
60,14,0.00038429847157488476,0.0,nan
60,15,0.0028871740194981142,0.0,nan
60,16,0.0012483479998084005,0.0625,nan
60,17,0.001440668371779385,0.0625,nan
60,18,0.0010420965696067862,0.0,nan
60,19,0.000840629843287847,0.0,nan
60,20,0.0008618560170899799,0.0,nan
60,21,0.00044422523568796467,0.0,nan
60,22,0.00023658245782678797,0.0,nan
60,23,0.0003635463610295555,0.0,nan
60,24,0.000830163566759604,0.0,nan
60,25,0.0004658635358612631,0.0,nan
60,26,0.0007619260012399148,0.0,nan
60,27,0.0006757328224819656,0.0,nan
60,28,0.0006217741985847112,0.0,nan
60,29,0.00039027526224487473,0.0625,nan
60,30,0.0007171645503671637,0.0,nan
60,31,0.0010605007927267083,0.0625,nan
60,32,0.0007924329977625998,0.0,nan
60,33,0.0007904204466131757,0.0,nan
60,34,0.0008414601058748568,0.0,nan
60,35,0.000634620164034717,0.0,nan
60,36,0.004828293413204797,0.3125,nan
60,37,0.0005080420869681037,0.0,nan
60,38,0.0010316522781289251,0.0,nan
60,39,0.0001990825836462583,0.0,nan
60,40,0.0006105908743682884,0.0,nan
60,41,0.00023992315706848776,0.0,nan
60,42,0.0009246601878695241,0.0,nan
60,43,8.221777887204636e-05,0.0,nan
60,44,0.002039674349035162,0.0,nan
60,45,0.001889347516150051,0.0,nan
60,46,0.000584256440498172,0.0,nan
60,47,0.000591053786461159,0.0,nan
60,48,0.00023192430161710407,0.0,nan
60,49,0.0002224452962519746,0.0,nan
60,50,0.0012489486644416798,0.0,nan
60,51,0.0006152153954701615,0.0,nan
60,52,0.000757582562486096,0.0,nan
60,53,0.00040289779876806226,0.0,nan
60,54,0.0003663532438829129,0.0,nan
60,55,0.0006275046940124433,0.0,nan
60,56,0.0003433667798963917,0.0,nan
60,57,0.0003514089323942148,0.0,nan
60,58,0.0005942462590430549,0.0,nan
60,59,0.00045232507643433364,0.0,nan
60,60,0.0016064131163557945,0.0,nan
60,61,0.0005437884682498461,0.0,nan
60,62,0.0007519005203520167,0.0,nan
60,63,0.0005070729952814699,0.0,nan
60,64,0.0002894086362403474,0.0,nan
60,65,0.0004898748379460927,0.0625,nan
60,66,0.002438261793254946,0.125,nan
60,67,0.0005195758649892638,0.0,nan
60,68,0.0007410650014225865,0.0,nan
60,69,0.0006752931738775243,0.0,nan
60,70,0.0006179315749903287,0.0,nan
60,71,0.0020638999659372327,0.0625,nan
60,72,0.00036716245435872445,0.0,nan
60,73,0.0009227864847393609,0.0,nan
60,74,0.0009486558173369389,0.0625,nan
60,75,0.0006206371232238975,0.0,nan
60,76,0.000700331678206723,0.0,nan
60,77,0.0005014742305939837,0.0,nan
60,78,0.0006441670748754567,0.0,nan
60,79,0.00021552835995176353,0.0,nan
60,80,0.0003544699840896196,0.0,nan
60,81,0.000496457781408264,0.0,nan
60,82,0.00041517174129804274,0.0,nan
60,83,0.0013554422279739276,0.0,nan
60,84,0.0013691372462026953,0.0625,nan
60,85,0.0004204959939602831,0.0,nan
60,86,0.0005062898095361132,0.0,nan
60,87,0.00044710691530017155,0.0,nan
60,88,0.0008394789497585011,0.0,nan
60,89,0.00022135983664496153,0.0,nan
60,90,0.0004109049691907899,0.0,nan
60,91,0.0008630963531370195,0.125,nan
60,92,0.0001029654964005162,0.0,nan
60,93,0.0008763826855198252,0.0,nan
60,94,0.00024331364968821145,0.0,nan
60,95,0.0005939674355587023,0.0,nan
60,96,0.0007485497502201595,0.0,nan
60,97,0.0005245436049356501,0.0,nan
60,98,0.0010425014467401311,0.0,nan
60,99,0.0005989676314245317,0.0,nan
61,0,0.000248525030070727,0.0,nan
61,1,0.0005612936619228382,0.0,nan
61,2,0.0003572177170750093,0.0,nan
61,3,0.0009798996635136423,0.0625,nan
61,4,0.0017060675421577292,0.0,nan
61,5,0.000624349453359476,0.0625,nan
61,6,0.0006745056266648408,0.0,nan
61,7,0.0007333563239790908,0.0,nan
61,8,0.0008069851145251924,0.0,nan
61,9,0.0036628522565494794,0.125,nan
61,10,0.0006470385626137802,0.0,nan
61,11,0.0004067281089066625,0.0,nan
61,12,0.0003230714733817858,0.0,nan
61,13,0.00011291728884995124,0.0,nan
61,14,0.0010073117152159623,0.0,nan
61,15,0.0008592427887856755,0.0625,nan
61,16,0.0009440498347108393,0.0,nan
61,17,0.00031942911454419887,0.0,nan
61,18,0.0007559651883424637,0.125,nan
61,19,0.0007002092133961591,0.0,nan
61,20,0.0002322910529664899,0.0,nan
61,21,0.0006028285224488428,0.0,nan
61,22,0.0005709835895816014,0.0,nan
61,23,0.0016740394871753886,0.0,nan
61,24,0.0003560738177954563,0.0,nan
61,25,0.00046530113836788426,0.0,nan
61,26,0.00040191877725458537,0.0,nan
61,27,0.0006761311878332279,0.0,nan
61,28,0.0013923196331417048,0.0,nan
61,29,0.0014482773352712198,0.0625,nan
61,30,0.00029732795571041403,0.0,nan
61,31,0.0004588488682134128,0.0625,nan
61,32,0.0005564489850726948,0.0,nan
61,33,0.002321112747453078,0.0625,nan
61,34,0.0007297267844079056,0.0,nan
61,35,0.0006432953703694634,0.0,nan
61,36,0.003923808417736832,0.0625,nan
61,37,0.0007265987498079824,0.0,nan
61,38,0.000682363266485725,0.125,nan
61,39,0.0006478721512470757,0.0,nan
61,40,0.0019182829447629023,0.125,nan
61,41,0.0006910017566445958,0.0,nan
61,42,0.0001388579963026839,0.0,nan
61,43,0.0004103065593584967,0.0,nan
61,44,0.0018457226721534678,0.0,nan
61,45,0.003452619633340857,0.1875,nan
61,46,0.0007469428254385073,0.0,nan
61,47,0.0007898267453926208,0.0,nan
61,48,0.0005638484475616677,0.0,nan
61,49,0.0010091751515785108,0.0,nan
61,50,0.000580880813561655,0.0,nan
61,51,0.0005492534966107957,0.0,nan
61,52,0.0006503010202735286,0.0,nan
61,53,0.00042363376018395905,0.0,nan
61,54,0.00015981390578056844,0.0,nan
61,55,0.0007863516146789395,0.0,nan
61,56,0.0007177275076193309,0.0,nan
61,57,0.000543779744396553,0.0625,nan
61,58,0.0007338190933847051,0.0,nan
61,59,0.0004568411304796482,0.0,nan
61,60,0.001161438142451485,0.0,nan
61,61,0.0008939064480504034,0.0,nan
61,62,0.0004040083516408402,0.0,nan
61,63,0.0004051515876062681,0.0,nan
61,64,0.00043912672176947066,0.0,nan
61,65,0.0008315342434392912,0.0,nan
61,66,0.0008758160617908432,0.125,nan
61,67,0.0006338781590168333,0.0,nan
61,68,0.0005110023769874742,0.0,nan
61,69,0.0005402665622980622,0.0,nan
61,70,0.0006590811391188693,0.125,nan
61,71,0.0012900701225976663,0.0625,nan
61,72,0.0013608464942717266,0.0,nan
61,73,0.0007669019731535008,0.0,nan
61,74,0.0005254466153255137,0.0,nan
61,75,0.002822569631804932,0.1875,nan
61,76,0.001396135067708711,0.125,nan
61,77,0.0005738347728552112,0.0,nan
61,78,0.0006910120186356532,0.0,nan
61,79,0.002302981662309217,0.0,nan
61,80,0.0012648060324065478,0.0,nan
61,81,8.082435847199843e-05,0.0,nan
61,82,0.000698426067040732,0.0,nan
61,83,0.0005972042570630484,0.0,nan
61,84,0.00027025352787551183,0.0,nan
61,85,0.000683288193871046,0.0,nan
61,86,0.00031217352039909747,0.0,nan
61,87,0.0008858693195162945,0.0,nan
61,88,0.0006506870391884683,0.0,nan
61,89,0.0004482251584181717,0.0,nan
61,90,0.001078195585080011,0.0,nan
61,91,0.0002859713604013147,0.0,nan
61,92,0.00023142871478577218,0.0,nan
61,93,0.00035204044994046897,0.0,nan
61,94,0.000534604922460964,0.0,nan
61,95,0.0012738985343223467,0.0,nan
61,96,0.00044503592509485856,0.0,nan
61,97,0.0015596214043987625,0.0625,nan
61,98,0.0007125666228276091,0.0,nan
61,99,0.0006426408023678498,0.0625,nan
62,0,0.000485006226266384,0.0,nan
62,1,0.00031896789493323534,0.0,nan
62,2,0.000414586414198326,0.0,nan
62,3,0.0015859949153799596,0.0,nan
62,4,0.0018375392792328634,0.0625,nan
62,5,0.0026773581275698864,0.0,nan
62,6,0.0011419177495063455,0.0,nan
62,7,0.0007138552614765197,0.0,nan
62,8,0.0007434303013966526,0.0,nan
62,9,0.0014645761751469,0.0,nan
62,10,0.0005304895829090015,0.0,nan
62,11,0.0006417176364053455,0.0,nan
62,12,0.0010220536356498407,0.0,nan
62,13,0.00040927206078880717,0.0,nan
62,14,0.0006542904587467624,0.0,nan
62,15,0.0021045578852028728,0.0,nan
62,16,0.002493505816185413,0.0,nan
62,17,0.001120109610277513,0.0625,nan
62,18,0.0009287056187581573,0.0,nan
62,19,0.00014549134004558499,0.0,nan
62,20,0.0003465472744300629,0.0,nan
62,21,0.0009487251599541182,0.0,nan
62,22,0.0005461006575239126,0.0,nan
62,23,0.0003296562224753057,0.0,nan
62,24,0.0005213975091208666,0.0,nan
62,25,0.00023921866215369133,0.0,nan
62,26,0.0007324201972672725,0.0,nan
62,27,0.001077136861537338,0.0625,nan
62,28,0.0005542845876188036,0.0625,nan
62,29,0.0003289725314564303,0.0,nan
62,30,0.0005597855288758604,0.0,nan
62,31,0.0007552063724503999,0.0,nan
62,32,0.0008448733088566094,0.0,nan
62,33,0.0009050169661566267,0.125,nan
62,34,0.0009655379739016954,0.0,nan
62,35,0.00048637604154361073,0.0,nan
62,36,0.0015506636830567796,0.0625,nan
62,37,0.00042441366141446866,0.0,nan
62,38,0.0005153973705986688,0.0625,nan
62,39,0.0003125909898378707,0.0,nan
62,40,0.0004944034959147401,0.0,nan
62,41,0.0006628843814526985,0.0,nan
62,42,0.0007114845143540193,0.0,nan
62,43,0.0010376054964440905,0.0,nan
62,44,0.0009460409867774646,0.0,nan
62,45,0.0019900105274188555,0.0625,nan
62,46,0.00033647084853986734,0.0,nan
62,47,0.0005171281876934428,0.0,nan
62,48,0.0004438007304533,0.0,nan
62,49,0.0005959329059725298,0.0,nan
62,50,0.0008024230133005959,0.0,nan
62,51,0.0004440497156744561,0.0,nan
62,52,0.0010280443922385638,0.0,nan
62,53,0.0004123782576248466,0.0,nan
62,54,0.0004896800138057961,0.0,nan
62,55,0.0003299364511858131,0.0,nan
62,56,0.0007901217961094898,0.0,nan
62,57,0.0008856702860569833,0.0625,nan
62,58,0.0012916761067087337,0.0,nan
62,59,0.00018923830495047518,0.0,nan
62,60,0.00048530347208407764,0.0,nan
62,61,0.0007110872917418157,0.0,nan
62,62,0.0008377175313034447,0.0,nan
62,63,0.0003872484007398861,0.0,nan
62,64,0.0009049270096657786,0.0,nan
62,65,0.0010736357123542688,0.0,nan
62,66,0.0006745244737778263,0.0625,nan
62,67,0.000574137448831477,0.0,nan
62,68,0.0005549793622506023,0.0,nan
62,69,0.0006592203791099701,0.0,nan
62,70,0.00032873622666176075,0.0,nan
62,71,0.0029690953158557232,0.125,nan
62,72,0.0006012721811565937,0.0,nan
62,73,0.0005847399193523293,0.0,nan
62,74,0.0012844169793856477,0.0,nan
62,75,0.0033015191274121743,0.0,nan
62,76,0.0010265229179393376,0.0,nan
62,77,0.000508476346619614,0.0,nan
62,78,0.0005013680449742807,0.0,nan
62,79,0.0008529854919257305,0.0,nan
62,80,0.00034984728645396984,0.0,nan
62,81,0.00019541580327514307,0.0,nan
62,82,0.0008486891885193583,0.0625,nan
62,83,0.000447507926135293,0.0,nan
62,84,0.0003140503423801893,0.0,nan
62,85,0.0004916419043585824,0.0,nan
62,86,0.0003179598154367661,0.0,nan
62,87,0.0009304177969034651,0.0,nan
62,88,0.0005686855475369548,0.0,nan
62,89,0.0005855593159194508,0.0,nan
62,90,0.000654801615998289,0.0,nan
62,91,0.0020621467360892017,0.0625,nan
62,92,0.00032524144138665085,0.0,nan
62,93,0.0003153113512185936,0.0,nan
62,94,0.0007416120438494128,0.0,nan
62,95,0.0004792845902761013,0.0,nan
62,96,0.0004227501325693417,0.0,nan
62,97,0.0008517432336431055,0.0,nan
62,98,0.001113701585029356,0.0,nan
62,99,0.0011462235628932587,0.0,nan
63,0,0.0006114798730200985,0.0,nan
63,1,0.0009593016027935094,0.125,nan
63,2,0.0005417726921701216,0.0,nan
63,3,0.0004653401803460761,0.0,nan
63,4,0.000611786866319775,0.0,nan
63,5,0.0004037775928758596,0.0,nan
63,6,0.0003625746661160262,0.0,nan
63,7,0.0006403323156367358,0.0,nan
63,8,0.00042572370931195783,0.0,nan
63,9,0.006217929848175487,0.25,nan
63,10,0.00040537990158897577,0.0,nan
63,11,0.0011404190021921993,0.0,nan
63,12,0.0003297539935209554,0.0,nan
63,13,0.00018700854600480323,0.0,nan
63,14,0.0007774881986900425,0.0,nan
63,15,0.0013562441751859267,0.0625,nan
63,16,0.0008104145521175739,0.0,nan
63,17,0.0014459348234424712,0.0625,nan
63,18,0.0005699745679262323,0.0,nan
63,19,0.0002310058907817865,0.0,nan
63,20,0.0004536958497481135,0.0,nan
63,21,0.00040504103866665806,0.0,nan
63,22,0.0006911319964885158,0.0,nan
63,23,0.0003056464312430123,0.0,nan
63,24,0.00029429678708019777,0.0,nan
63,25,0.0005419938037350913,0.0,nan
63,26,0.0002946682098507659,0.0,nan
63,27,0.0008330722575813105,0.0,nan
63,28,0.000705360903868438,0.0,nan
63,29,0.0013450135616554925,0.0,nan
63,30,0.0007814320023578705,0.0,nan
63,31,0.0005191515299958064,0.0,nan
63,32,0.000727179295450205,0.0,nan
63,33,0.0007897585567132753,0.0625,nan
63,34,0.0019035395191474077,0.1875,nan
63,35,0.0005241456606726311,0.0,nan
63,36,0.002773962277945133,0.125,nan
63,37,0.0006201313977452844,0.0,nan
63,38,0.0008586466952155746,0.0,nan
63,39,0.0010370898929172024,0.0,nan
63,40,0.0005132602826165712,0.0625,nan
63,41,0.000475635522737623,0.0,nan
63,42,0.0005824694618230103,0.0,nan
63,43,0.0004796007474310971,0.0,nan
63,44,0.001980691217365029,0.0,nan
63,45,0.0008160212465312074,0.0,nan
63,46,0.00046266704143704265,0.0,nan
63,47,0.0007291714194373717,0.0,nan
63,48,0.000322717126693768,0.0,nan
63,49,0.0011806905401249596,0.0,nan
63,50,0.0006036226521660088,0.125,nan
63,51,0.00041059852505748954,0.0,nan
63,52,0.0004036582968283942,0.0,nan
63,53,0.0006713279605402641,0.0,nan
63,54,0.0008474380272123099,0.0,nan
63,55,0.0004225355135223468,0.0,nan
63,56,0.0010178966934966868,0.0625,nan
63,57,0.00025836678109311786,0.0,nan
63,58,0.000973542860633539,0.0,nan
63,59,0.0004432340180049229,0.0,nan
63,60,0.0003099377097986418,0.0,nan
63,61,0.0015572391426514629,0.0,nan
63,62,0.0007586361741466706,0.0,nan
63,63,0.0002518227910360038,0.0,nan
63,64,0.0008187597887108493,0.0,nan
63,65,0.0006196834982675251,0.0,nan
63,66,0.00046130528363405056,0.0,nan
63,67,0.0002746516993906244,0.0,nan
63,68,0.0008636354837825162,0.0,nan
63,69,0.0012148179490958431,0.0625,nan
63,70,0.000566151651604562,0.0,nan
63,71,0.0012023158698076962,0.0,nan
63,72,0.00015403148558962437,0.0,nan
63,73,0.00040138066047386696,0.0,nan
63,74,0.000629482822454779,0.0,nan
63,75,0.00033985607962225674,0.0,nan
63,76,0.00443955258298327,0.25,nan
63,77,0.0005066235776193013,0.0,nan
63,78,0.0003013751840612285,0.0,nan
63,79,0.0010675457892821642,0.0625,nan
63,80,0.0010392689840314719,0.0,nan
63,81,0.00041014650309409905,0.0,nan
63,82,0.0005376443243263849,0.0,nan
63,83,0.0005950819873912652,0.0,nan
63,84,0.0007304701980975798,0.0,nan
63,85,0.0006713088052079483,0.0,nan
63,86,0.00107100919147513,0.0,nan
63,87,0.0004949466949822073,0.0,nan
63,88,0.0003182215490697784,0.0,nan
63,89,0.0003316830046916628,0.0,nan
63,90,0.0002958604258648141,0.0,nan
63,91,0.0004481477502844577,0.0,nan
63,92,0.0005534541866452003,0.0,nan
63,93,0.0006405746546713383,0.0,nan
63,94,0.0008969817606930435,0.0,nan
63,95,0.0007931424225341004,0.0,nan
63,96,0.00027100472208192066,0.0,nan
63,97,0.0008053472047523872,0.0,nan
63,98,0.0006355190090266098,0.0,nan
63,99,0.000744691466238123,0.0,nan
64,0,0.0007745802746628476,0.0,nan
64,1,0.0002987029933196907,0.0,nan
64,2,0.000253022746594337,0.0,nan
64,3,0.0005305112761092916,0.0,nan
64,4,0.006821696341651128,0.1875,nan
64,5,0.0007674530342628278,0.0,nan
64,6,0.0006230171427361739,0.0625,nan
64,7,0.0004332975323337138,0.0,nan
64,8,0.0022344549608668035,0.0,nan
64,9,0.0006936758169698908,0.0,nan
64,10,0.0003026499729968061,0.0,nan
64,11,0.00029427196144999506,0.0,nan
64,12,0.0007028305194235262,0.0,nan
64,13,0.0003741856281213172,0.0,nan
64,14,0.0003643172436970485,0.0,nan
64,15,0.0024462515686469815,0.0625,nan
64,16,0.0005669277027942421,0.0,nan
64,17,5.6880765309346844e-05,0.0,nan
64,18,0.0014784744593580891,0.0,nan
64,19,0.0005242603359234025,0.0,nan
64,20,0.00030174826183544483,0.0,nan
64,21,0.0010393343564432784,0.0,nan
64,22,0.0014507080506428126,0.0,nan
64,23,7.358145497436995e-05,0.0,nan
64,24,0.0004879209403653487,0.0,nan
64,25,0.0009955590470663313,0.0,nan
64,26,0.0003499446163299116,0.0,nan
64,27,0.0004595034896372253,0.0,nan
64,28,0.0009171084014049538,0.0,nan
64,29,0.0006029856837146763,0.0,nan
64,30,0.0004945247126053102,0.0,nan
64,31,0.0006285559496387099,0.0,nan
64,32,0.001000660627386958,0.0,nan
64,33,0.00023642533593602679,0.0,nan
64,34,0.0003775892130398874,0.0,nan
64,35,0.0005872578071244271,0.0,nan
64,36,0.00019150519020117481,0.0,nan
64,37,0.0006388756734248212,0.0625,nan
64,38,0.00033602159975089694,0.0,nan
64,39,0.0006926792274058839,0.0,nan
64,40,0.0006754021809458098,0.0,nan
64,41,0.0005297721221087975,0.0,nan
64,42,0.0009356678278413058,0.0625,nan
64,43,0.0014511384756440448,0.0625,nan
64,44,0.002850789181305935,0.0,nan
64,45,0.0003395816098661395,0.0,nan
64,46,0.00018689401493611577,0.0,nan
64,47,0.00036281719515333206,0.0,nan
64,48,0.0003479700880054527,0.0,nan
64,49,0.0002758957502166752,0.0,nan
64,50,0.0003752875367291381,0.0,nan
64,51,0.0009132891747629695,0.0,nan
64,52,0.000500652151502691,0.0,nan
64,53,0.00023080664761079882,0.0,nan
64,54,0.00014070966923892782,0.0,nan
64,55,0.00026717249328793175,0.0,nan
64,56,0.00046647431437988094,0.0,nan
64,57,0.0009518136042409258,0.0,nan
64,58,0.0003727597987983882,0.0,nan
64,59,0.0002560541043681153,0.0,nan
64,60,0.0005531859718853686,0.0,nan
64,61,0.000283415213845306,0.0625,nan
64,62,0.0005082778419750438,0.0,nan
64,63,0.000749518177180184,0.0,nan
64,64,0.0005021032124784336,0.0,nan
64,65,0.001297050703018321,0.0,nan
64,66,0.0005350293012821912,0.0,nan
64,67,0.0007397307906491543,0.0,nan
64,68,0.0005787723345526243,0.0,nan
64,69,0.00039689815677239327,0.0,nan
64,70,0.0005078733474353327,0.0,nan
64,71,0.0003698608979648692,0.0,nan
64,72,0.00027777981974922057,0.0,nan
64,73,0.0005033564682575076,0.0,nan
64,74,0.0021833557637763626,0.125,nan
64,75,0.0002774844281650743,0.0,nan
64,76,0.0009949750127025946,0.0625,nan
64,77,0.00044778421680347514,0.0,nan
64,78,0.0010276461004376178,0.0,nan
64,79,0.0004248125960925704,0.0,nan
64,80,0.0007277748861673882,0.0,nan
64,81,0.0006606835565578572,0.0,nan
64,82,0.0006608376643107368,0.0,nan
64,83,0.00025917312857698935,0.0,nan
64,84,0.0010624608711799792,0.0,nan
64,85,0.0012917741773566104,0.0625,nan
64,86,0.0008693266856329762,0.0,nan
64,87,0.0011162471642559794,0.0,nan
64,88,0.0004278239243323391,0.0,nan
64,89,0.0006366600692509115,0.0,nan
64,90,0.002952637622712002,0.0625,nan
64,91,0.002490558081528896,0.25,nan
64,92,0.0007303502222609058,0.0,nan
64,93,0.0002607491833316794,0.0,nan
64,94,0.00031658255190158296,0.0,nan
64,95,0.000271502526743953,0.0,nan
64,96,0.0004866670336446669,0.0,nan
64,97,0.000944795478847636,0.0625,nan
64,98,0.00025721504632576867,0.0,nan
64,99,0.0009859774274101002,0.0,nan
65,0,0.00023391563553662329,0.0,nan
65,1,0.0003538611485961892,0.0625,nan
65,2,0.00046389878156701014,0.0,nan
65,3,0.0003228065050690426,0.0,nan
65,4,0.0008656468290832018,0.0625,nan
65,5,0.0003597049647041329,0.0,nan
65,6,0.0010587912120851525,0.0,nan
65,7,0.0003850886717255461,0.0,nan
65,8,0.0005358695587861682,0.0,nan
65,9,0.0009594297326526001,0.125,nan
65,10,0.00018833205949995123,0.0,nan
65,11,0.00018616217473029265,0.0,nan
65,12,0.00047669114594697424,0.0,nan
65,13,0.0009764762375814752,0.0,nan
65,14,0.0008761473661015133,0.125,nan
65,15,0.007317814839521134,0.125,nan
65,16,0.009557781316674443,0.1875,nan
65,17,0.0028766606272405074,0.0625,nan
65,18,0.0004751098360911966,0.0,nan
65,19,0.00032806638014049315,0.0,nan
65,20,0.00022452991053982475,0.0,nan
65,21,0.000179614250858823,0.0,nan
65,22,0.0006166670360693268,0.0,nan
65,23,0.00195636216726007,0.0,nan
65,24,0.00022935138790599886,0.0,nan
65,25,0.0004815290148348489,0.0,nan
65,26,0.0003062109270655421,0.0,nan
65,27,0.00030747310380479023,0.0,nan
65,28,0.00034264810086621726,0.0,nan
65,29,0.0003933494068457592,0.0625,nan
65,30,0.0002984172121957929,0.0,nan
65,31,0.0013138691322450403,0.0625,nan
65,32,0.0002584999926809887,0.0,nan
65,33,0.0005111927354090627,0.0,nan
65,34,0.0002656010026106865,0.0,nan
65,35,0.00023065386148870051,0.0,nan
65,36,0.003610082542129415,0.0625,nan
65,37,0.0007457070378544871,0.0,nan
65,38,0.0008888085508085752,0.0,nan
65,39,0.0005158479168401448,0.0,nan
65,40,0.000958186540703789,0.0625,nan
65,41,0.00038818195118711304,0.0,nan
65,42,0.0006812753940611247,0.0,nan
65,43,0.0006194371003726926,0.0,nan
65,44,0.0015891089630458897,0.0,nan
65,45,0.000672418963940573,0.0,nan
65,46,0.00016338186255612634,0.0,nan
65,47,0.0003664976642126141,0.0,nan
65,48,0.00048276282913429255,0.0,nan
65,49,0.00211792443649953,0.0625,nan
65,50,0.0008803805114321254,0.0,nan
65,51,0.001401407406791001,0.0,nan
65,52,0.0005782030146265116,0.0,nan
65,53,0.00021728759716113704,0.0,nan
65,54,0.00026601902333698484,0.0,nan
65,55,0.0006195406891519421,0.0,nan
65,56,0.0001457479848357043,0.0,nan
65,57,0.0004614319367045028,0.0,nan
65,58,0.0007954604836360516,0.0,nan
65,59,0.00010717711816558374,0.0,nan
65,60,0.001137960071498096,0.0,nan
65,61,0.0004556843981750183,0.0,nan
65,62,0.0003735983526472769,0.0,nan
65,63,0.00030847148023586805,0.0,nan
65,64,0.0019384609452364012,0.0,nan
65,65,0.0010685307906129766,0.0,nan
65,66,0.0003271415428979809,0.0,nan
65,67,0.0004359685640911123,0.0,nan
65,68,0.0003486874238909905,0.0,nan
65,69,0.0002976458456800615,0.0,nan
65,70,0.00037645219080799147,0.0,nan
65,71,0.00043764458341538344,0.0,nan
65,72,0.000306426894531788,0.0,nan
65,73,0.0006153940532207695,0.0,nan
65,74,0.0023294780220018607,0.0,nan
65,75,0.00037471850679329864,0.0,nan
65,76,0.0015965454344577857,0.0625,nan
65,77,0.0001489559961257076,0.0,nan
65,78,0.0004172381283489106,0.0,nan
65,79,0.0005119736759261349,0.0625,nan
65,80,0.0011418039565915222,0.0,nan
65,81,0.0001287665359054454,0.0,nan
65,82,0.0009357981369318021,0.0,nan
65,83,0.00010735813222035546,0.0,nan
65,84,0.00044492725446885177,0.0,nan
65,85,0.0006207159187623509,0.0,nan
65,86,0.0011091137084784804,0.0625,nan
65,87,0.0006407118180451542,0.0,nan
65,88,0.0006062530921625489,0.0,nan
65,89,0.00023830433079628425,0.0,nan
65,90,0.0006602494264753297,0.0,nan
65,91,0.00259399664236169,0.3125,nan
65,92,0.0005934960701728224,0.0,nan
65,93,0.0012029333418026172,0.0,nan
65,94,0.0009104369853724949,0.0,nan
65,95,0.00015674971045489164,0.0,nan
65,96,0.00014559849749561573,0.0,nan
65,97,0.0004156972890028671,0.0,nan
65,98,0.0006286664545889925,0.0,nan
65,99,0.000751250539094712,0.0,nan
66,0,0.00031919229039433286,0.0,nan
66,1,8.51263820642028e-05,0.0,nan
66,2,0.0006687626778732816,0.0,nan
66,3,0.000744978168608062,0.0,nan
66,4,0.0007092061417996992,0.0,nan
66,5,0.0006617301747862913,0.0625,nan
66,6,0.0002951898105356573,0.0,nan
66,7,0.0007354160817219144,0.0,nan
66,8,0.00035110410990623643,0.0,nan
66,9,0.0006738543523422999,0.0,nan
66,10,0.0003132109865637588,0.0,nan
66,11,0.00021116937068804302,0.0,nan
66,12,0.0005017654101300335,0.0,nan
66,13,0.000283892575846637,0.0,nan
66,14,0.0007017431055939191,0.0,nan
66,15,0.007000025635226979,0.375,nan
66,16,0.005674591913235537,0.0625,nan
66,17,0.0022782134217066417,0.125,nan
66,18,0.00025501815576800486,0.0,nan
66,19,0.00037724630100555677,0.0,nan
66,20,0.0011708239513389636,0.0625,nan
66,21,0.0003550663064436259,0.0,nan
66,22,0.001237610996071943,0.0,nan
66,23,0.0004789178585099603,0.0,nan
66,24,7.76357311000144e-05,0.0,nan
66,25,0.0005722660866522282,0.0,nan
66,26,0.0025267611595231054,0.0625,nan
66,27,0.00024928064879868735,0.0,nan
66,28,0.0003939381291731351,0.0,nan
66,29,0.0009432846950391547,0.0,nan
66,30,0.00039551811209399606,0.0625,nan
66,31,0.0010787970723093478,0.0,nan
66,32,0.0009552738648758225,0.0,nan
66,33,0.0004522295143279711,0.0,nan
66,34,0.0001861623233501677,0.0,nan
66,35,0.00024397997179893935,0.0,nan
66,36,0.001731246435977787,0.1875,nan
66,37,0.0005606080243394497,0.0,nan
66,38,0.00028033635409828385,0.0,nan
66,39,0.00042082374632650626,0.0,nan
66,40,0.00026600901594189,0.0,nan
66,41,0.0005106895573521563,0.0,nan
66,42,0.001674536211395208,0.125,nan
66,43,0.00017034982165191852,0.0,nan
66,44,0.0008379611404920643,0.0,nan
66,45,0.0001838949323290688,0.0,nan
66,46,0.0002374878184485787,0.0,nan
66,47,0.0003233687681879309,0.0,nan
66,48,0.0007668145869536538,0.0,nan
66,49,0.0011589563028724774,0.0,nan
66,50,0.0005128766518011737,0.0,nan
66,51,0.0005927527845696577,0.0,nan
66,52,0.00028302887799925116,0.0,nan
66,53,0.00047459631993447104,0.0,nan
66,54,0.00018942871985203194,0.0,nan
66,55,0.00043997076777957297,0.0,nan
66,56,0.00022120234685831387,0.0,nan
66,57,0.0007266490254976274,0.0,nan
66,58,6.123202152084823e-05,0.0,nan
66,59,0.00019270185941165454,0.0,nan
66,60,0.00023663454719484353,0.0,nan
66,61,0.0002873901371963669,0.0,nan
66,62,0.0001803658277597134,0.0,nan
66,63,0.0006212261743880799,0.0625,nan
66,64,0.0006273213376250813,0.0,nan
66,65,0.0012759326202288906,0.0,nan
66,66,0.0028200983383293715,0.25,nan
66,67,0.0007207073621888376,0.0,nan
66,68,0.00016218179008512375,0.0,nan
66,69,0.0002121039639076138,0.0,nan
66,70,0.00032839600082283725,0.0,nan
66,71,0.0007584036807118625,0.0625,nan
66,72,0.000987732322717324,0.0,nan
66,73,0.0008360312992354974,0.0,nan
66,74,0.0010312321942184252,0.0,nan
66,75,0.004191854292322356,0.0625,nan
66,76,0.002007861480515776,0.0,nan
66,77,0.00029399402965757685,0.0,nan
66,78,0.0006525150116863534,0.0,nan
66,79,0.000471922192413783,0.0,nan
66,80,0.0002076283192026945,0.0,nan
66,81,0.0008036371931682777,0.0,nan
66,82,0.0008552450493250053,0.0,nan
66,83,0.00031509811554603225,0.0,nan
66,84,0.00021490232290126914,0.0,nan
66,85,0.0008490290036335263,0.0,nan
66,86,0.0008419260912209253,0.0,nan
66,87,0.00047664721121965165,0.0,nan
66,88,0.00024026368489471072,0.0,nan
66,89,0.0002816845004194878,0.0,nan
66,90,0.0005907520575841289,0.0,nan
66,91,0.000461238866960733,0.0,nan
66,92,0.0004412731122251602,0.0,nan
66,93,0.00026675076223197725,0.0,nan
66,94,0.0006877695368622608,0.0625,nan
66,95,0.00023083898137119782,0.0,nan
66,96,0.0005338926339427345,0.0625,nan
66,97,0.00039261184904835534,0.0,nan
66,98,0.0005044625214570648,0.0,nan
66,99,0.0005682246151163825,0.0,nan
67,0,0.0010318771305321242,0.0,nan
67,1,0.0004493086424672895,0.0,nan
67,2,0.0005742127432172494,0.0,nan
67,3,0.0005752024918675036,0.0625,nan
67,4,0.0014899177041161468,0.0,nan
67,5,0.0013159384589413626,0.0,nan
67,6,0.0006326363325152758,0.0,nan
67,7,0.0005693786379049002,0.0,nan
67,8,0.0010441397555365104,0.0,nan
67,9,0.003916230985939187,0.125,nan
67,10,0.0006791273722431706,0.0,nan
67,11,2.7171956679803886e-05,0.0,nan
67,12,0.000844259994632804,0.0,nan
67,13,0.0009676388295669497,0.0,nan
67,14,0.011796043971915925,0.4375,nan
67,15,0.0011014737302426645,0.0,nan
67,16,0.004177409457628761,0.0,nan
67,17,0.00025656556572023405,0.0,nan
67,18,0.00024188189893656808,0.0,nan
67,19,0.0001532107383122117,0.0,nan
67,20,0.00039811794487527153,0.0,nan
67,21,0.0007358956627622972,0.0625,nan
67,22,0.00037825834086631176,0.0,nan
67,23,0.0020958015931948877,0.125,nan
67,24,0.0004668673419032903,0.0,nan
67,25,0.0005479962024696663,0.0,nan
67,26,0.0007084543281123327,0.0,nan
67,27,0.0005544019173990744,0.0,nan
67,28,0.00103527137166481,0.0,nan
67,29,0.0009461612863433807,0.0,nan
67,30,0.0006736162435084288,0.0625,nan
67,31,0.0003689239764093324,0.0,nan
67,32,0.0003004502172327816,0.0,nan
67,33,0.0006391437095326356,0.0,nan
67,34,0.0005652899478612102,0.0,nan
67,35,0.0005417970157345723,0.0,nan
67,36,0.002731032982447298,0.0625,nan
67,37,0.0005060027471336282,0.0,nan
67,38,0.0006925692637764706,0.0,nan
67,39,0.00014111248704207598,0.0,nan
67,40,0.0009141436403136376,0.0,nan
67,41,0.000555110309964,0.0,nan
67,42,0.004423586490802112,0.125,nan
67,43,0.0005602504723792212,0.0,nan
67,44,0.001599020972246426,0.0625,nan
67,45,0.0011771807360080155,0.0,nan
67,46,0.00022519264575661635,0.0,nan
67,47,0.0005602604062500243,0.0,nan
67,48,0.0008422761330509809,0.0,nan
67,49,0.0005283698013083216,0.0,nan
67,50,0.0005621502331276028,0.0,nan
67,51,0.001703784904715264,0.0625,nan
67,52,0.001044421652398844,0.0,nan
67,53,0.0008402478645094241,0.0625,nan
67,54,0.0007281436363665485,0.0,nan
67,55,0.0004673250107496401,0.0,nan
67,56,0.0001665106447492591,0.0,nan
67,57,0.00044996830975237547,0.0,nan
67,58,0.0006689698857731243,0.0,nan
67,59,0.0005463057915398152,0.0,nan
67,60,8.167060198802716e-05,0.0,nan
67,61,0.000427176344604254,0.0,nan
67,62,0.0008276121467049448,0.0,nan
67,63,0.00021692580299446405,0.0,nan
67,64,0.0010973839757238472,0.0,nan
67,65,0.0012703862735278953,0.0,nan
67,66,0.0005934172596544898,0.0,nan
67,67,0.0002472364644290325,0.0,nan
67,68,0.0007240077879871801,0.0,nan
67,69,0.0004531957107993405,0.0,nan
67,70,0.0003081905640420732,0.0,nan
67,71,0.0020229719821856676,0.0,nan
67,72,0.0006105704242715419,0.0,nan
67,73,0.0006563825392068246,0.0,nan
67,74,0.002642560971281402,0.1875,nan
67,75,0.0004920974067642025,0.0,nan
67,76,0.00045179590055516837,0.0,nan
67,77,0.0009671747404596783,0.0,nan
67,78,0.00030330690824020964,0.0,nan
67,79,0.0005243230292192563,0.0,nan
67,80,0.0004470951271136912,0.0,nan
67,81,0.000454528360593252,0.0,nan
67,82,0.00040914528237816764,0.0,nan
67,83,0.001036336776240667,0.0,nan
67,84,0.0004350327272436449,0.0,nan
67,85,0.0002820299485121426,0.0,nan
67,86,0.00025636245793455605,0.0,nan
67,87,0.0015084930196264787,0.0,nan
67,88,0.0002674033312799708,0.0,nan
67,89,0.00041136185894960606,0.0,nan
67,90,0.00044619718784404664,0.0,nan
67,91,0.00043248594025044047,0.0625,nan
67,92,0.0007244053616742674,0.0,nan
67,93,0.0006903365656777724,0.0,nan
67,94,0.00036357280772498373,0.0,nan
67,95,0.001032615553515203,0.0,nan
67,96,0.0002884186747097458,0.0,nan
67,97,0.0015191437383483804,0.125,nan
67,98,0.0005627812443522217,0.0,nan
67,99,0.0006938595318302216,0.0,nan
68,0,0.0003012105772927933,0.0,nan
68,1,0.0009472396966695919,0.0625,nan
68,2,0.0003400358198985467,0.0,nan
68,3,0.0016342537103653065,0.0,nan
68,4,0.0010045271379504948,0.0625,nan
68,5,0.0005696480452554013,0.0,nan
68,6,0.0003291235837024761,0.0,nan
68,7,0.0008619093697656227,0.0,nan
68,8,0.0002803254782676188,0.0,nan
68,9,0.0007409805334858611,0.0,nan
68,10,0.0003421431011053471,0.0,nan
68,11,0.0004651455757070311,0.0,nan
68,12,0.0007850269913053233,0.0,nan
68,13,0.00039382737392987217,0.0,nan
68,14,0.0005246866892323309,0.0,nan
68,15,0.0013051532946255946,0.0625,nan
68,16,0.0012644567536920694,0.0,nan
68,17,0.022036371306482554,0.5625,nan
68,18,0.00015888252940245043,0.0,nan
68,19,0.000475698247395484,0.0,nan
68,20,0.0002614637789036434,0.0,nan
68,21,0.00030699689269232005,0.0,nan
68,22,0.0006537912682872552,0.0625,nan
68,23,0.00043744192140581997,0.0625,nan
68,24,0.00040355084678316846,0.0,nan
68,25,0.00035659916214285836,0.0,nan
68,26,0.0005388430689856076,0.0,nan
68,27,0.00035159575644811206,0.0,nan
68,28,0.0001127336290511417,0.0,nan
68,29,0.00042649049454020286,0.0,nan
68,30,0.00024384454940266307,0.0,nan
68,31,0.0006790023450316604,0.0,nan
68,32,0.0007098594231458666,0.0,nan
68,33,0.0003118671534788872,0.0,nan
68,34,0.000257061783287253,0.0,nan
68,35,0.0003229527798091515,0.0,nan
68,36,0.004208974856401109,0.0625,nan
68,37,0.0005153519522674242,0.0,nan
68,38,0.0014899618315328807,0.0625,nan
68,39,0.0010903243333066446,0.0,nan
68,40,0.00039721401967593743,0.0,nan
68,41,0.00022832856149573275,0.0,nan
68,42,0.0013393447637023517,0.0,nan
68,43,0.0005009776005220067,0.0,nan
68,44,0.0004639430936596074,0.0,nan
68,45,0.0020466737606154237,0.1875,nan
68,46,0.0006744955845825367,0.0,nan
68,47,0.0002929460037367882,0.0,nan
68,48,0.00016576643771346085,0.0,nan
68,49,0.0009286378728506086,0.0,nan
68,50,0.0005834619378006043,0.0,nan
68,51,0.0008098237262317623,0.0625,nan
68,52,0.0005343036866415831,0.0,nan
68,53,0.0004572762009958626,0.0,nan
68,54,0.0007206641468898439,0.0,nan
68,55,0.00033686980207329976,0.0,nan
68,56,0.0006087051523835246,0.0,nan
68,57,0.0011372707926632026,0.0,nan
68,58,0.0004523831483374263,0.0,nan
68,59,0.0004852436735173402,0.0,nan
68,60,0.00021771367217147448,0.0,nan
68,61,0.00048035972055332206,0.0,nan
68,62,0.000541934056290304,0.0,nan
68,63,0.00025376987043533366,0.0,nan
68,64,0.00015448663385709464,0.0,nan
68,65,0.00039137333432881754,0.0,nan
68,66,0.0005332990775767273,0.0,nan
68,67,9.31282204383397e-05,0.0,nan
68,68,0.00015040872282086603,0.0,nan
68,69,0.0006190109098605937,0.0625,nan
68,70,0.00037580166835518125,0.0,nan
68,71,0.0005891955188943013,0.0625,nan
68,72,0.0005813482735210621,0.0,nan
68,73,0.0009150045509741651,0.0625,nan
68,74,0.0007275907379970875,0.0,nan
68,75,0.0003349293724115459,0.0,nan
68,76,0.0018771958825292635,0.0625,nan
68,77,0.0004321045677890017,0.0,nan
68,78,0.002206427542197565,0.0625,nan
68,79,0.0003216669135015013,0.0,nan
68,80,0.000808799629988513,0.0,nan
68,81,0.00029406003383554435,0.0,nan
68,82,0.00014613416532134146,0.0,nan
68,83,0.0007777613354196834,0.0,nan
68,84,0.00028781920723166393,0.0,nan
68,85,0.0006933400030900826,0.0,nan
68,86,0.0003587705624410461,0.0,nan
68,87,0.0005497168723377884,0.0,nan
68,88,0.0003648158075853764,0.0,nan
68,89,0.0004319954636761989,0.0,nan
68,90,0.0006550166878511782,0.0,nan
68,91,0.0020493492759795493,0.125,nan
68,92,0.0009184358394768024,0.0,nan
68,93,0.00021671151691749944,0.0,nan
68,94,0.0002330552857708671,0.0,nan
68,95,0.0007861090799826976,0.0625,nan
68,96,0.0009299487601678292,0.0,nan
68,97,0.0003258298663472661,0.0,nan
68,98,0.00023487748169940745,0.0,nan
68,99,0.0006206247850285408,0.0,nan
69,0,0.0008345122515797435,0.0,nan
69,1,0.0008137322054110382,0.0,nan
69,2,0.00038325321372854377,0.0,nan
69,3,0.0009043244695532449,0.0,nan
69,4,0.003174685752372385,0.1875,nan
69,5,0.0004192998179877303,0.0,nan
69,6,0.00048777772267479197,0.0,nan
69,7,0.0005856639565829122,0.0,nan
69,8,0.0013843737043180487,0.0,nan
69,9,0.0012044674145369008,0.0,nan
69,10,0.00025106401497871527,0.0,nan
69,11,0.0011444695545188694,0.0,nan
69,12,0.000337161103317723,0.0,nan
69,13,0.0004943732113711157,0.0,nan
69,14,0.0009653100701360578,0.0,nan
69,15,0.003349800420031724,0.1875,nan
69,16,0.0024553716882584776,0.1875,nan
69,17,0.0002590165627004912,0.0,nan
69,18,0.0003067059192769255,0.0,nan
69,19,0.0002481772713961817,0.0,nan
69,20,0.0005462733831690617,0.0,nan
69,21,0.0004741231605926616,0.0,nan
69,22,0.0007157120578817689,0.0,nan
69,23,0.0005017542239392873,0.0,nan
69,24,0.00010015847405485311,0.0,nan
69,25,0.000511473648275075,0.0625,nan
69,26,0.0005136061460101105,0.0,nan
69,27,0.0007628599607205448,0.0,nan
69,28,0.0011527599462498265,0.0,nan
69,29,0.0003095551034166694,0.0,nan
69,30,0.0003047691553332576,0.0,nan
69,31,0.00035724724465902735,0.0,nan
69,32,0.0007574117876052405,0.0,nan
69,33,0.001556825418485001,0.0,nan
69,34,0.0004098818743842549,0.0,nan
69,35,0.00022110079592035703,0.0,nan
69,36,0.0008042135037897374,0.0,nan
69,37,0.0002541794281496546,0.0,nan
69,38,0.0009074568799129262,0.0,nan
69,39,0.0005122310393525306,0.0,nan
69,40,0.000892791468964682,0.0,nan
69,41,0.0007023300782230514,0.0,nan
69,42,0.0015007282470915293,0.0,nan
69,43,0.0008553776676316092,0.0,nan
69,44,0.0015316950598842122,0.0,nan
69,45,0.0007109284983332581,0.0,nan
69,46,0.0002447934256317448,0.0,nan
69,47,0.00032659365329511367,0.0,nan
69,48,0.0003541988167670623,0.0,nan
69,49,0.0006742317915181653,0.0,nan
69,50,0.0009817519599751706,0.0,nan
69,51,0.0008904611680318009,0.0,nan
69,52,0.0006596973576284505,0.0,nan
69,53,0.0006260810714905617,0.0,nan
69,54,0.0004163636120836159,0.0,nan
69,55,0.00046421327549958386,0.0,nan
69,56,0.0005650772584590699,0.0,nan
69,57,0.0005403602764408213,0.0,nan
69,58,0.0020155080334465576,0.1875,nan
69,59,0.0010047887877156834,0.0,nan
69,60,0.0011040576889637201,0.0,nan
69,61,0.0008165498612347074,0.0,nan
69,62,0.0010453114066622548,0.0625,nan
69,63,0.00035284751401253435,0.0,nan
69,64,0.0010800118518762367,0.0,nan
69,65,0.0007970287186085133,0.0,nan
69,66,0.001311261706053022,0.0,nan
69,67,0.0009136957494141078,0.0,nan
69,68,0.0005228073250301556,0.0625,nan
69,69,0.000406828895067443,0.0,nan
69,70,0.0002792850366874377,0.0,nan
69,71,0.0001779576043790444,0.0,nan
69,72,0.00109345087936423,0.0,nan
69,73,0.0013128289173753663,0.25,nan
69,74,0.0007334963368682314,0.0,nan
69,75,0.0022731854526699706,0.0,nan
69,76,0.0016300626112546704,0.0625,nan
69,77,0.00043572778439864387,0.0,nan
69,78,0.0007232650454755825,0.0,nan
69,79,0.00039870884059895677,0.0,nan
69,80,0.0005063495969339167,0.0,nan
69,81,0.000452119589410048,0.0,nan
69,82,0.0005318185035538374,0.0,nan
69,83,0.0007420852091041437,0.0,nan
69,84,0.0003580942473631795,0.0,nan
69,85,0.0017638195479669928,0.0,nan
69,86,0.0003404587620675632,0.0,nan
69,87,0.0011409871000105333,0.0,nan
69,88,0.0005065691176259591,0.0,nan
69,89,0.00031638039345368186,0.0,nan
69,90,0.0009433908744266907,0.0,nan
69,91,0.00034574125869310773,0.0625,nan
69,92,0.00038663152563655654,0.0,nan
69,93,0.0005615593397483576,0.0,nan
69,94,0.00045915310951127506,0.0,nan
69,95,0.0009360095328192008,0.0,nan
69,96,0.0005409863097949718,0.0,nan
69,97,0.0003941214272162154,0.0,nan
69,98,0.0002513295580736109,0.0,nan
69,99,0.00027674498467356176,0.0,nan
70,0,0.0007313368352158546,0.0,nan
70,1,0.0005886403510783723,0.125,nan
70,2,0.00032152326858019193,0.0,nan
70,3,0.0008887079312846078,0.0,nan
70,4,0.0005934056137601704,0.0,nan
70,5,0.0007896861585802112,0.0625,nan
70,6,0.0011553015129075923,0.0,nan
70,7,0.0005627235723377292,0.0,nan
70,8,0.0012527051601291177,0.0,nan
70,9,0.00034195087557262253,0.0,nan
70,10,0.0006210175248612161,0.0,nan
70,11,0.00023059954739554497,0.0,nan
70,12,0.0005093303845536475,0.0,nan
70,13,0.0005134782141482966,0.0,nan
70,14,0.0008483664878306642,0.0,nan
70,15,0.0005341621910892363,0.0,nan
70,16,0.002880350996110728,0.0625,nan
70,17,0.0018671251728107977,0.0,nan
70,18,0.0004961650229396667,0.0,nan
70,19,0.0006896314210165146,0.0,nan
70,20,0.0002566884011158103,0.0,nan
70,21,0.00048306548396913774,0.0625,nan
70,22,0.000496982910080504,0.0,nan
70,23,0.000610997825262911,0.0,nan
70,24,0.0001947020732125572,0.0,nan
70,25,0.00045425279055254887,0.0,nan
70,26,0.00033267167012162967,0.0,nan
70,27,0.0012796872164860854,0.0,nan
70,28,0.0010397637941714365,0.0,nan
70,29,0.0010790028111130783,0.0,nan
70,30,0.0003934506132109147,0.0,nan
70,31,0.0005024734887416394,0.0625,nan
70,32,0.0005972174425796612,0.0,nan
70,33,0.00045567484926163236,0.0,nan
70,34,0.0004590156768114411,0.0,nan
70,35,0.00030552455982082094,0.0,nan
70,36,0.0019347372821491814,0.125,nan
70,37,0.00013987681276183558,0.0,nan
70,38,0.0011268387150229384,0.0,nan
70,39,0.0004758516297804516,0.0,nan
70,40,0.0005003166149275019,0.0,nan
70,41,0.000337437762001585,0.0,nan
70,42,0.000747879775023757,0.0625,nan
70,43,0.00031469364656797755,0.0,nan
70,44,0.00031487536277927374,0.0,nan
70,45,0.001088633486718226,0.0,nan
70,46,0.00021039210742990045,0.0,nan
70,47,0.0004985982468995033,0.0,nan
70,48,0.00024342811469036792,0.0,nan
70,49,0.0009639360844302514,0.0,nan
70,50,0.0004054398884558077,0.0,nan
70,51,0.0034827154308800425,0.0625,nan
70,52,0.00032843774400622826,0.0,nan
70,53,0.0003556985643775445,0.0,nan
70,54,0.0006545365928201206,0.0,nan
70,55,0.0004362719253426889,0.0,nan
70,56,0.0006807269777032316,0.0,nan
70,57,0.00038912590481742903,0.0,nan
70,58,0.000581866597722402,0.0625,nan
70,59,0.00030874355537583494,0.0,nan
70,60,0.0003014209548158465,0.0,nan
70,61,0.0010095965751251664,0.0625,nan
70,62,0.0005474002205029744,0.0,nan
70,63,0.0008157345110553133,0.0,nan
70,64,0.0005741192972639913,0.0,nan
70,65,0.0007537588137043639,0.0,nan
70,66,0.001246889785841962,0.0625,nan
70,67,0.0001858401428785177,0.0,nan
70,68,0.00046659394982473585,0.0,nan
70,69,0.0008562287145949866,0.0,nan
70,70,0.00019855511320696051,0.0,nan
70,71,0.001492161621563709,0.125,nan
70,72,0.0006891135604979654,0.0,nan
70,73,0.0011232614033281024,0.0,nan
70,74,0.000449434765659115,0.0,nan
70,75,0.0004492022572185943,0.0625,nan
70,76,0.0025902230408899676,0.0,nan
70,77,0.00038660820129652446,0.0,nan
70,78,0.0002735811760992944,0.0,nan
70,79,0.0002751025824713879,0.0,nan
70,80,0.00014254184253290988,0.0,nan
70,81,0.0002100863146391231,0.0,nan
70,82,0.00036309902763336416,0.0,nan
70,83,0.00015971016548957905,0.0,nan
70,84,0.0005231720714263194,0.0,nan
70,85,0.00018929738131053694,0.0,nan
70,86,0.00042220054602676413,0.0,nan
70,87,0.00032185175773962555,0.0,nan
70,88,0.00010163264274200075,0.0,nan
70,89,0.00035774117342624376,0.0,nan
70,90,0.0005370906633860959,0.0,nan
70,91,0.0011384025557686298,0.125,nan
70,92,0.00031278911964602166,0.0,nan
70,93,0.0005526784223740292,0.0,nan
70,94,0.0007255622220148196,0.0,nan
70,95,0.0005145803532631348,0.0625,nan
70,96,0.0003151860145425768,0.0,nan
70,97,0.001105461216860351,0.0,nan
70,98,0.0008466205942883018,0.0,nan
70,99,0.001117186401617168,0.0,nan
71,0,0.00026048055209426223,0.0,nan
71,1,0.0008578010371808025,0.0625,nan
71,2,0.0002883528205526761,0.0,nan
71,3,0.0011418509486477335,0.0,nan
71,4,0.0006420480329036789,0.0,nan
71,5,0.002930169320953884,0.0625,nan
71,6,0.0005137807613420952,0.0,nan
71,7,0.00018349622975971332,0.0,nan
71,8,0.0003717057356786528,0.0,nan
71,9,0.00036896880155594386,0.0,nan
71,10,0.0005064543063618943,0.0,nan
71,11,0.0006618305800886917,0.0,nan
71,12,0.0005038603796631424,0.0,nan
71,13,0.0004254681583814022,0.0,nan
71,14,0.00032150154429445366,0.0,nan
71,15,0.0002474923833291419,0.0,nan
71,16,0.008755199293365353,0.3125,nan
71,17,0.0013248815273537561,0.0625,nan
71,18,0.0005429117942175553,0.0,nan
71,19,0.0006397940747433564,0.0,nan
71,20,0.00037401885674981405,0.0,nan
71,21,0.0001527245242344651,0.0,nan
71,22,0.0005250420404387548,0.0,nan
71,23,0.001045962875199038,0.1875,nan
71,24,0.0004391323095966189,0.0,nan
71,25,0.000390988466695841,0.0,nan
71,26,0.0010516206454305036,0.0,nan
71,27,0.0010980797774598526,0.0,nan
71,28,0.00034322293984164994,0.0,nan
71,29,0.0010922477041608388,0.0,nan
71,30,0.00022036260813360916,0.0,nan
71,31,0.0006359431444661922,0.0,nan
71,32,0.0017023046036414278,0.0625,nan
71,33,0.0008446926143512107,0.0,nan
71,34,0.00022905059634744913,0.0,nan
71,35,0.0005761577770424673,0.0,nan
71,36,0.0007567807386568031,0.0625,nan
71,37,0.0003783712333336361,0.0,nan
71,38,0.03905520193390799,0.625,nan
71,39,0.000304962338659167,0.0,nan
71,40,0.0006623824523355071,0.0,nan
71,41,0.00042510566235151197,0.0,nan
71,42,0.0008650634374458256,0.0,nan
71,43,0.000828767234752838,0.0625,nan
71,44,0.0038940223640179824,0.0,nan
71,45,0.00038663488613789094,0.0,nan
71,46,0.00037071732157928393,0.0,nan
71,47,0.0006190294991964632,0.0,nan
71,48,0.0006284150452009564,0.0,nan
71,49,0.0006558082414558538,0.0,nan
71,50,0.0004041612997111887,0.0,nan
71,51,0.0002855344253962313,0.0,nan
71,52,0.001095934534239347,0.0625,nan
71,53,0.0006229517018268523,0.0625,nan
71,54,0.00041213435923905244,0.0,nan
71,55,0.0008149774911558349,0.0,nan
71,56,0.0003500025301799962,0.0,nan
71,57,0.0005288833384212875,0.0,nan
71,58,0.00043768010578567923,0.0,nan
71,59,0.0004533621720693344,0.0,nan
71,60,0.00042877634137179505,0.0,nan
71,61,0.0005363676545258455,0.0625,nan
71,62,0.0003827126594520456,0.0,nan
71,63,0.0011143719702028706,0.0,nan
71,64,0.0007472205841133417,0.0,nan
71,65,0.0008696694049550002,0.0,nan
71,66,0.0007549873780896825,0.0,nan
71,67,0.0005807653093399567,0.0,nan
71,68,0.00018610048176974657,0.0,nan
71,69,0.00018617118703482643,0.0,nan
71,70,0.00034630819254999107,0.0,nan
71,71,0.0012873610605533582,0.0,nan
71,72,0.0011741137346207996,0.0625,nan
71,73,0.0006107834786671608,0.0,nan
71,74,0.0008961417507692279,0.0,nan
71,75,0.00033928293224793336,0.0,nan
71,76,0.001334603995274786,0.0,nan
71,77,0.000559678371550507,0.0,nan
71,78,0.00020841155785516075,0.0,nan
71,79,0.000482991627422751,0.0,nan
71,80,0.00048111474717806577,0.0,nan
71,81,0.00018823344701513118,0.0,nan
71,82,0.00030299999132955347,0.0,nan
71,83,0.00024226924900422748,0.0,nan
71,84,0.00016732559814316238,0.0,nan
71,85,0.0003278428332584802,0.0,nan
71,86,0.0002485994369436707,0.0,nan
71,87,0.0007070724022355285,0.0625,nan
71,88,0.00035752066248164393,0.0,nan
71,89,0.0005676990389533318,0.0,nan
71,90,0.0007527389124358071,0.0,nan
71,91,0.0009117406125309116,0.0625,nan
71,92,0.000575480030179061,0.0,nan
71,93,0.0002321810144218969,0.0,nan
71,94,0.0006159489073172007,0.0,nan
71,95,0.0005607473670896368,0.0,nan
71,96,0.0002439261347728855,0.0,nan
71,97,0.0012341598034829471,0.0,nan
71,98,0.00031874163354514895,0.0,nan
71,99,0.0005068915459225873,0.0,nan
72,0,0.0002808221568068028,0.0,nan
72,1,0.0002297166660493377,0.0,nan
72,2,0.00024679582892128416,0.0,nan
72,3,0.0005006674130294023,0.0625,nan
72,4,0.001101931293027139,0.0,nan
72,5,0.002666829592499736,0.1875,nan
72,6,0.0002892479719845306,0.0,nan
72,7,0.0002770564164154282,0.0,nan
72,8,0.0004996229412104678,0.0,nan
72,9,0.0005205474118775946,0.125,nan
72,10,0.00020536418352350567,0.0,nan
72,11,0.00028120849988338926,0.0,nan
72,12,0.00026268077572945317,0.0,nan
72,13,0.00035926218919169,0.0,nan
72,14,0.0006887955588498224,0.125,nan
72,15,0.01632198797432048,0.5,nan
72,16,0.010661532761148996,0.25,nan
72,17,0.0009715925778182767,0.0625,nan
72,18,0.0005138029927863378,0.0,nan
72,19,0.0003024965824062044,0.0,nan
72,20,0.00031920018009547733,0.0,nan
72,21,0.00046554817795764513,0.0,nan
72,22,0.00047590739715366024,0.0,nan
72,23,0.00029833308350212526,0.0,nan
72,24,0.00011122716272421676,0.0,nan
72,25,0.0002832309477666183,0.0,nan
72,26,0.00024401517298295103,0.0,nan
72,27,0.00036954214978419703,0.0,nan
72,28,0.0008886102096377487,0.0,nan
72,29,0.00014904914016606105,0.0,nan
72,30,0.0005002028778136866,0.0,nan
72,31,0.0003938328317485769,0.0,nan
72,32,0.0002454650354942263,0.0,nan
72,33,0.00013304836835324776,0.0,nan
72,34,0.0006370153747059165,0.0625,nan
72,35,0.0003637170763932828,0.0,nan
72,36,0.0001527668400277321,0.0,nan
72,37,0.00038333940760548806,0.0,nan
72,38,0.0009189247309739067,0.0,nan
72,39,0.0002235874010561745,0.0,nan
72,40,0.000361001909147057,0.0,nan
72,41,0.0003728101202945888,0.0,nan
72,42,0.00029554891467087194,0.0625,nan
72,43,0.00034868125575230344,0.0,nan
72,44,0.000654934573661301,0.0,nan
72,45,0.0016393997740287956,0.125,nan
72,46,0.00029660395224558446,0.0,nan
72,47,0.0004300376529015556,0.0,nan
72,48,0.0004196024129088159,0.0,nan
72,49,0.0009826312950831524,0.0625,nan
72,50,0.0005751121912462802,0.0,nan
72,51,0.0003284015671965379,0.0,nan
72,52,0.0002882134126199813,0.0,nan
72,53,0.00045701444398271284,0.0,nan
72,54,0.000646408134597502,0.0,nan
72,55,3.782923631595222e-05,0.0,nan
72,56,0.0005993681786459675,0.0,nan
72,57,0.000323729702980155,0.0,nan
72,58,0.00024075969101452024,0.0,nan
72,59,0.0002578891193783593,0.0,nan
72,60,0.00043123281720805126,0.0,nan
72,61,0.000217478969677877,0.0,nan
72,62,0.00026776476145050934,0.0,nan
72,63,0.0006048979440865865,0.0,nan
72,64,0.00023803314396717508,0.0,nan
72,65,0.000656846349118885,0.0625,nan
72,66,0.0007049345564185423,0.125,nan
72,67,0.00018836812519672648,0.0,nan
72,68,0.00021679141132644201,0.0,nan
72,69,0.0004601351850475979,0.0,nan
72,70,0.000304408374114861,0.0,nan
72,71,0.00027858900352358706,0.0,nan
72,72,0.0004793113491597218,0.0,nan
72,73,0.00026655698647063254,0.0,nan
72,74,0.00036839558640725515,0.0,nan
72,75,0.0003879741051036526,0.0,nan
72,76,0.0013426065654108606,0.0625,nan
72,77,0.00025443039373170006,0.0,nan
72,78,0.0005131933088406778,0.0,nan
72,79,0.00042585159343890857,0.0,nan
72,80,0.00015118447443603411,0.0,nan
72,81,0.0004955652019999483,0.0,nan
72,82,0.00033531882825522415,0.0,nan
72,83,0.00037511781916408005,0.0,nan
72,84,0.0004269334415994699,0.0,nan
72,85,0.00022022217374983928,0.0,nan
72,86,0.0003208729979946351,0.0,nan
72,87,0.0004363810922833031,0.0,nan
72,88,0.00019262606215919982,0.0,nan
72,89,0.0004577634309376555,0.0,nan
72,90,0.0003803853916645223,0.0,nan
72,91,6.688731520122613e-05,0.0,nan
72,92,0.0005223199942995461,0.0,nan
72,93,0.0003594874918673162,0.0,nan
72,94,0.0003435364116965504,0.0,nan
72,95,0.000205403311516819,0.0,nan
72,96,0.00024461296916829825,0.0,nan
72,97,0.00029938049382199184,0.0,nan
72,98,0.00018030565711980797,0.0,nan
72,99,0.0010175947357098326,0.0,nan
73,0,0.0006380350436977001,0.0,nan
73,1,0.00034039035926671066,0.0,nan
73,2,0.0003912689391640543,0.0,nan
73,3,0.0006098197439035705,0.0,nan
73,4,0.002254323854269882,0.125,nan
73,5,0.0009219355786893123,0.0625,nan
73,6,0.00012219677038584914,0.0,nan
73,7,0.0009401000647802919,0.0,nan
73,8,0.003069245194429011,0.25,nan
73,9,0.0008504360320819723,0.0,nan
73,10,0.00043869562561072947,0.0,nan
73,11,0.00021500655641048364,0.0,nan
73,12,0.0004121413623769788,0.0,nan
73,13,0.00013099677417737274,0.0,nan
73,14,0.0007399381478069456,0.0,nan
73,15,0.00578590355626118,0.25,nan
73,16,0.007433364507075338,0.0625,nan
73,17,0.00035748325505286345,0.0,nan
73,18,0.00012698265498940788,0.0,nan
73,19,0.00011082770084574159,0.0,nan
73,20,0.0002453763528049555,0.0,nan
73,21,0.00040269112661140457,0.0,nan
73,22,0.001050713924211278,0.0,nan
73,23,0.00035025248290112567,0.0,nan
73,24,0.0005739334418525914,0.0,nan
73,25,0.0004708997897266562,0.0,nan
73,26,0.0003042228615195032,0.0,nan
73,27,0.00027623984134027,0.0,nan
73,28,0.00024099389326118843,0.0,nan
73,29,0.0006631882988969223,0.0,nan
73,30,0.0021593231749890175,0.0,nan
73,31,5.803851498608232e-05,0.0,nan
73,32,0.0005794185178661865,0.0,nan
73,33,0.000617198349435085,0.0,nan
73,34,0.0002385143158194207,0.0,nan
73,35,0.00035228627773648956,0.0,nan
73,36,0.0004446653286557564,0.0,nan
73,37,9.421073632066509e-05,0.0,nan
73,38,0.004255679180566562,0.25,nan
73,39,0.0005733973955414423,0.0,nan
73,40,0.0003446794634581289,0.0625,nan
73,41,0.0004418641534726156,0.0,nan
73,42,0.0009345501914861655,0.0,nan
73,43,0.0001852145940469606,0.0,nan
73,44,0.000395891603360501,0.0,nan
73,45,0.003987113362527079,0.3125,nan
73,46,0.0003523060855756768,0.0,nan
73,47,0.0015798248173698602,0.1875,nan
73,48,0.00010822376456256054,0.0,nan
73,49,0.0008162268917604916,0.0,nan
73,50,0.0007814290326298337,0.0625,nan
73,51,0.0007958731546005643,0.0,nan
73,52,0.0005507349099046603,0.0625,nan
73,53,0.00045447199999617383,0.0,nan
73,54,0.00036110491326583704,0.0,nan
73,55,0.0005094494708997912,0.0,nan
73,56,0.00028259816089773134,0.0,nan
73,57,0.0016583347917363067,0.125,nan
73,58,0.00020990567126616134,0.0,nan
73,59,0.0015502854286660078,0.0,nan
73,60,0.0008700214466260462,0.0,nan
73,61,0.0003318368060626812,0.0,nan
73,62,0.0011268358365853115,0.0,nan
73,63,0.0006275358671766632,0.0,nan
73,64,0.00034229839523204327,0.0,nan
73,65,0.0005525592396286951,0.0,nan
73,66,0.0001808338797952001,0.0,nan
73,67,0.0005146643249360051,0.0,nan
73,68,0.0002227316596607277,0.0,nan
73,69,0.00039111271849734825,0.0625,nan
73,70,9.57715822358364e-05,0.0,nan
73,71,8.980140409051271e-05,0.0,nan
73,72,0.0006525507519816837,0.0,nan
73,73,0.000269658481632372,0.0,nan
73,74,0.0004724580221637084,0.0,nan
73,75,0.0005138288826822348,0.0,nan
73,76,0.0008825971572313596,0.0,nan
73,77,0.00028085255444171335,0.0,nan
73,78,0.00040446339099770327,0.0,nan
73,79,0.002110805715627906,0.25,nan
73,80,0.0001716524087518284,0.0,nan
73,81,0.0005176883862112158,0.0,nan
73,82,0.0003710469880635532,0.0,nan
73,83,0.00018453691128472892,0.0,nan
73,84,0.0006405766482031809,0.0,nan
73,85,0.000347816098156343,0.125,nan
73,86,0.0007772019034750855,0.0,nan
73,87,0.0004982246693787427,0.0,nan
73,88,0.00037987092805490574,0.0,nan
73,89,0.0009188736000773935,0.0625,nan
73,90,0.00021107714774888084,0.0,nan
73,91,0.00025987996293637525,0.0,nan
73,92,0.0003762529140237179,0.0,nan
73,93,8.618197436297876e-05,0.0,nan
73,94,0.00039272695220189555,0.0,nan
73,95,0.00017612197899762331,0.0,nan
73,96,0.00021614897919515374,0.0,nan
73,97,0.002222274714829877,0.0625,nan
73,98,0.0002895301561464186,0.0,nan
73,99,0.00018705242164689982,0.0,nan
74,0,0.00015492161544886988,0.0,nan
74,1,0.0005733481714519358,0.0625,nan
74,2,0.00030715752683168793,0.0,nan
74,3,0.00042395108521351175,0.0,nan
74,4,0.0005498736575576752,0.0,nan
74,5,0.0005781008644539262,0.0625,nan
74,6,0.0007201329867887085,0.0,nan
74,7,0.0003388522474611433,0.0,nan
74,8,0.0020464177450511527,0.0,nan
74,9,0.0012660779654014253,0.3125,nan
74,10,0.0004516483023893949,0.0,nan
74,11,4.006655474401925e-05,0.0,nan
74,12,0.0011902952853757285,0.0,nan
74,13,0.00029200451029027727,0.0,nan
74,14,0.005220694720330961,0.0625,nan
74,15,0.022690868194393223,0.5625,nan
74,16,0.0016857793316303548,0.0,nan
74,17,0.0002532449386887252,0.0,nan
74,18,0.0016351414454900924,0.0,nan
74,19,0.00017652695561108038,0.0,nan
74,20,0.0004691521727260903,0.0,nan
74,21,5.663532918678369e-05,0.0,nan
74,22,0.0008386474143408118,0.0,nan
74,23,0.0005615001715410797,0.0,nan
74,24,0.0003563946869255452,0.0,nan
74,25,0.0006926974119477827,0.0625,nan
74,26,0.0002135408748060344,0.0,nan
74,27,0.0004878882777248262,0.0,nan
74,28,0.00030899997282970797,0.0,nan
74,29,0.0005007193951930581,0.0,nan
74,30,0.00038869108158828597,0.0,nan
74,31,0.0006114015565746177,0.0625,nan
74,32,0.00041612541503360643,0.0,nan
74,33,0.0009730851948420865,0.0,nan
74,34,0.0007546546196748545,0.0,nan
74,35,0.0005571331539607008,0.0,nan
74,36,0.0004914209804536654,0.0,nan
74,37,0.00041277114723748147,0.0,nan
74,38,0.000703974386234429,0.0,nan
74,39,0.0004531223420663054,0.0,nan
74,40,0.0002856845529298765,0.0,nan
74,41,0.0009090071504264531,0.0,nan
74,42,0.00018067391837555346,0.0,nan
74,43,0.0015140265099643075,0.0,nan
74,44,0.0007429173885018834,0.0,nan
74,45,0.0007464096889678756,0.0,nan
74,46,0.00019761690300309936,0.0,nan
74,47,0.00039762288441377695,0.0,nan
74,48,0.0005890138288329944,0.0,nan
74,49,0.00023838450727884985,0.0,nan
74,50,0.0004937064824507812,0.0,nan
74,51,0.00040965388848910754,0.0625,nan
74,52,0.0005040514077067841,0.0,nan
74,53,0.0004813455066630093,0.0,nan
74,54,0.0004562962827121534,0.0,nan
74,55,0.00033647686204527533,0.0,nan
74,56,0.0002753148377202618,0.0,nan
74,57,0.0007242571921320076,0.0625,nan
74,58,0.0010429463286001919,0.0,nan
74,59,0.0001754139338687579,0.0,nan
74,60,0.0006788068751291854,0.0,nan
74,61,0.0009644762413557417,0.0,nan
74,62,0.0008154608793392456,0.0,nan
74,63,0.0009207819653057757,0.0,nan
74,64,0.0002086684874768672,0.0,nan
74,65,0.0006318123810455704,0.0,nan
74,66,0.0005495910247822125,0.0,nan
74,67,0.00018370878208141925,0.0,nan
74,68,0.0004299399367759853,0.0,nan
74,69,0.0002697708327531119,0.0,nan
74,70,0.0008320586021116492,0.0,nan
74,71,0.0005011938989945133,0.0,nan
74,72,0.0010459221853029931,0.0,nan
74,73,0.00025403990073787894,0.0,nan
74,74,0.0007311533813170461,0.0,nan
74,75,0.0005730374119720886,0.0,nan
74,76,0.0023088087629174895,0.0625,nan
74,77,0.0006569230184113616,0.0,nan
74,78,0.00028853160063551026,0.0,nan
74,79,0.0007811429023514928,0.0,nan
74,80,0.0003049267895164218,0.0,nan
74,81,0.0003963555723830011,0.0,nan
74,82,0.001979801127923053,0.0625,nan
74,83,0.00014625152226857514,0.0,nan
74,84,0.0005152118964928146,0.0625,nan
74,85,0.0003764315590875631,0.0,nan
74,86,0.0004500331527165128,0.0,nan
74,87,0.0003971832219801463,0.0,nan
74,88,0.00022149609501909546,0.0,nan
74,89,0.00035901469710093893,0.0,nan
74,90,0.000641348205374911,0.0,nan
74,91,0.00023758902828400802,0.0625,nan
74,92,0.00026192749370634785,0.0,nan
74,93,0.0016323624829342129,0.0,nan
74,94,0.0005505193134950246,0.0,nan
74,95,0.0002948099845683433,0.0,nan
74,96,0.00032161851398859926,0.0,nan
74,97,0.00031905832718766573,0.0,nan
74,98,0.0003739707367388805,0.0,nan
74,99,0.0015012332866449108,0.0,nan
75,0,0.0017841717447748204,0.0,0.002632029319953473
75,1,0.0005374257443320307,0.0,0.0004881471107272437
75,2,0.0005545653048662805,0.0,3.498726108639164e-05
75,3,0.000541156863050656,0.0,0.01014470682695747
75,4,0.002407102843518247,0.1875,0.16414636439988176
75,5,0.00034883147821979473,0.0,0.006671042689002765
75,6,0.00017996823964698156,0.0,4.543247410557365e-05
75,7,0.0002587821188787045,0.0,5.922528725440279e-05
75,8,0.000915650677043352,0.0,0.033354969871174714
75,9,0.0020193676028613626,0.0,0.06435016508564856
75,10,0.00043827240571423117,0.0,0.0001027354677656863
75,11,0.0003466223228679977,0.0,0.0001248798010955706
75,12,0.0007010363036429795,0.0,0.0010133349458823053
75,13,0.0007660850856415963,0.0,0.00018871751753424026
75,14,0.0006856150178345978,0.0,0.014383732024243406
75,15,0.0012853162182087522,0.125,0.046183205271926896
75,16,0.0006260151049187991,0.0,0.005972434399389331
75,17,0.001409032862706324,0.0,0.042501546899382944
75,18,0.00024541576802623795,0.0,0.0005303991186626059
75,19,0.0002022196790656247,0.0,0.000175029649140878
75,20,0.00016315607497956663,0.0,7.773280158368451e-05
75,21,0.00047791650826438435,0.0,0.0007096440561312655
75,22,0.00011899680320287454,0.0,0.0010418752684785385
75,23,0.0006140340707038883,0.0,0.005951732736317258
75,24,0.00033618193463694717,0.0,0.0006822350827859925
75,25,0.0008672588787252897,0.0,0.0027713962085897893
75,26,0.00039489286016783885,0.0,0.003880374761699976
75,27,0.00045240556936653885,0.0,0.0015724813323929263
75,28,0.0007901649853448604,0.0625,0.003826202537978775
75,29,0.0005145905952772731,0.0,0.0030219104360897408
75,30,0.0003256043085367726,0.0,0.0011811965356058754
75,31,0.0007940467861176048,0.0,0.0011739298070651306
75,32,0.0004786498354721382,0.0,0.00282422700112208
75,33,0.000604786849395069,0.0,0.0017833817380260124
75,34,0.0021224676437276825,0.1875,0.02902735146826567
75,35,0.00028540011078543833,0.0,0.0006502418072024698
75,36,0.021198167218584987,0.5625,0.17256302415707706
75,37,0.0002941523007980438,0.0,0.00015056727111211596
75,38,0.0011932011437615587,0.0625,0.021540819416544135
75,39,0.0002560159779020498,0.0,0.0003291908684260264
75,40,0.0010357357766730712,0.0,0.0016058388978296182
75,41,0.0005051816244602458,0.0,0.00031206708782740384
75,42,0.00036096988490742023,0.0,0.005263741101732906
75,43,0.0012278191032673081,0.0,0.006266054669609833
75,44,0.00018890170846382813,0.0,0.0017682885608334533
75,45,0.0013421540125073057,0.0625,0.02579277234474473
75,46,0.00029793172666030244,0.0,1.1813978440858566e-05
75,47,0.00048455852424738265,0.0,0.0022658179798904837
75,48,0.00041946745332733257,0.0,0.0024551395389586245
75,49,0.00869890023906345,0.375,0.08538226761337256
75,50,0.0007610125180003825,0.0625,0.00376615392200116
75,51,0.0005700673822998604,0.0,0.02867395775576785
75,52,0.0003202241900892997,0.0,0.002233284735158905
75,53,0.000309516551408398,0.0,0.0005993717784590614
75,54,0.0010266277679224754,0.0,0.004487552431531849
75,55,0.0002737935259785686,0.0,0.000709404999494848
75,56,0.0003417785348242071,0.0,0.0012666782650486233
75,57,0.0007128613194764353,0.0625,0.013186049913069238
75,58,0.0004772750007399261,0.0,0.0001594189866016967
75,59,0.0002697139475328433,0.0,1.7674232469393335e-05
75,60,0.0004732523736476207,0.0,0.0002826360050252885
75,61,0.0009578409238167847,0.0625,0.011546553919430581
75,62,0.0005068443286570019,0.0,0.0007282332803095526
75,63,0.0007261180518423076,0.0,0.005239326268811734
75,64,0.0011583127761873918,0.0625,0.0049581657322883745
75,65,0.00017227307139729278,0.0,0.0009579223287048117
75,66,0.0001746275604869526,0.0,0.0003771062089036189
75,67,0.00030924297210599514,0.0,0.00013282280533690667
75,68,0.0006824906413276429,0.0,0.00365580832444525
75,69,0.0006634402736982929,0.0,0.00032427219125247264
75,70,0.00032505735537639694,0.0,0.000567654615299103
75,71,0.0005607885822024363,0.0625,0.011553931294897594
75,72,0.0003051703279266556,0.0,0.001883498953899449
75,73,0.00038223062563637875,0.0,0.0007950605673639435
75,74,0.0007645813955009771,0.0625,0.012064719765680684
75,75,0.0006308439959201704,0.1875,0.028387344994868145
75,76,0.0009214354968054691,0.0,0.031835078397610246
75,77,0.0001888872121428619,0.0,0.0006591222839826232
75,78,0.00029723432730301114,0.0,0.0013811309624404096
75,79,0.0006116244755930513,0.0,0.0048161963446725605
75,80,0.0005816044452590114,0.0625,0.00042453651457783075
75,81,0.0009110773799341973,0.0,4.067441605648421e-05
75,82,0.0002546488028507761,0.0,0.0008522828464057047
75,83,0.0003931411538975469,0.0,0.00026928365576671224
75,84,0.0005219016426311337,0.0,0.0024103355478870482
75,85,0.00036205243363863723,0.0,0.002391110209306524
75,86,0.00020164312742619695,0.0,0.000375717025076208
75,87,0.0007893408937840618,0.0,0.006516911098512179
75,88,0.0004099081186418219,0.0,1.4134794346175431e-05
75,89,0.0004080989336223597,0.0,0.0036266116857685327
75,90,0.0005163849120443613,0.0,0.001690548732901738
75,91,0.0002957007772212204,0.0,0.0013090244136020406
75,92,0.00043875813277653107,0.0,0.002717012067605775
75,93,0.0002332332327510109,0.0,0.00018922004321679742
75,94,0.0005077276270225598,0.0,0.005050479864553811
75,95,0.0002235162740945498,0.0,2.6225136204509955e-05
75,96,0.00026514838848108225,0.0,0.000304853885127287
75,97,0.00023486466865771063,0.0,0.0014989009678784454
75,98,0.0007237612708575258,0.0,0.0016854925911305358
75,99,0.003238330373867525,0.0,0.01237410975269844
76,0,0.0001194610111238768,0.0,nan
76,1,0.0002412800045247989,0.0,nan
76,2,0.00021461672845527412,0.0,nan
76,3,0.0004109442295128178,0.0,nan
76,4,0.0013614773861532876,0.0,nan
76,5,0.0005886563692855133,0.125,nan
76,6,6.850701733078618e-05,0.0,nan
76,7,0.00048544410545977885,0.0,nan
76,8,0.0013966181179336646,0.0625,nan
76,9,0.0017987187924595157,0.0,nan
76,10,0.00037173315222385436,0.0,nan
76,11,0.00019737928090198908,0.0,nan
76,12,0.0004298862467831605,0.0,nan
76,13,0.00014793953640659778,0.0,nan
76,14,0.0003861569889145462,0.0,nan
76,15,0.04310117467203877,0.6875,nan
76,16,0.006369379513005051,0.0625,nan
76,17,0.0005653001828185985,0.125,nan
76,18,0.0003736217067448731,0.0,nan
76,19,0.0002979869223701851,0.0,nan
76,20,0.00040428719618877576,0.0,nan
76,21,0.00044662142368488234,0.0,nan
76,22,0.0008547223632410716,0.125,nan
76,23,0.0005318071345445859,0.0625,nan
76,24,0.0002698454853195109,0.0,nan
76,25,0.0001536999720858118,0.0,nan
76,26,0.0008608559073575749,0.1875,nan
76,27,0.000591839421391636,0.0,nan
76,28,0.00024984072896939004,0.0,nan
76,29,0.00015843776756343443,0.0,nan
76,30,0.0004501930745376237,0.0,nan
76,31,0.00030264952895816925,0.0,nan
76,32,0.0002784419873375558,0.0,nan
76,33,0.00010188359032294074,0.0,nan
76,34,0.00045777813950720087,0.0,nan
76,35,0.0002569734396376559,0.0,nan
76,36,0.011338270136875408,0.25,nan
76,37,0.000534308050038691,0.0,nan
76,38,0.0010588591137744693,0.0,nan
76,39,0.00011064074568967996,0.0,nan
76,40,0.00016075881068609174,0.0625,nan
76,41,0.0003781264926882305,0.0,nan
76,42,0.0005700169826175078,0.0,nan
76,43,0.00016130208261299397,0.0,nan
76,44,0.0006732302472277412,0.0,nan
76,45,0.00080883303658374,0.0,nan
76,46,0.0002813480015488523,0.0,nan
76,47,0.0002778511258381309,0.0,nan
76,48,0.0002291547690202151,0.0,nan
76,49,0.0005837267249930048,0.0,nan
76,50,0.0002834321419684515,0.0,nan
76,51,0.0006538677023013547,0.0,nan
76,52,0.0002725957521887851,0.0,nan
76,53,0.0002696329309132926,0.0,nan
76,54,0.00015786243667887642,0.0,nan
76,55,0.00027334790369833476,0.0,nan
76,56,0.000217533493647269,0.0,nan
76,57,0.0007363251961214484,0.0,nan
76,58,0.0019207420694024413,0.0,nan
76,59,0.00030442709149296204,0.0,nan
76,60,0.0012102503780913438,0.0,nan
76,61,0.0003492552407745519,0.0,nan
76,62,0.00041056034240887786,0.0,nan
76,63,0.00027215840568771844,0.0,nan
76,64,0.000421777684476782,0.0,nan
76,65,0.0001548229515852361,0.0,nan
76,66,0.00033058147120307215,0.0,nan
76,67,0.000374788004612978,0.0,nan
76,68,0.0014405163372236624,0.0,nan
76,69,0.0001607087448518249,0.0,nan
76,70,9.117642208640323e-05,0.0,nan
76,71,0.0002834086578681142,0.0,nan
76,72,0.0001656411183855046,0.0,nan
76,73,0.00013614011241894138,0.0,nan
76,74,0.0005072320613957832,0.0,nan
76,75,0.0005222300276806144,0.125,nan
76,76,0.0003650376315593673,0.0,nan
76,77,0.0006259048745962522,0.0,nan
76,78,0.0007598278572753065,0.0,nan
76,79,0.0007123272859290057,0.0625,nan
76,80,0.000715060922610331,0.0,nan
76,81,0.00011392626528183936,0.0,nan
76,82,0.0007715269276816321,0.0,nan
76,83,0.00026463102300028644,0.0,nan
76,84,0.0003354881148456652,0.0,nan
76,85,8.837092859301316e-05,0.0,nan
76,86,0.0002688093045028207,0.0,nan
76,87,0.001798742825756055,0.1875,nan
76,88,0.00038456895918873935,0.0,nan
76,89,0.00017404148794709828,0.0,nan
76,90,0.00022941748065656212,0.0,nan
76,91,0.00018044577230979836,0.0,nan
76,92,0.0004364848962715331,0.0,nan
76,93,0.0005701675802957583,0.0,nan
76,94,0.00042620900255407727,0.0,nan
76,95,9.915805166242948e-05,0.0,nan
76,96,0.00015712659876290867,0.0,nan
76,97,0.0004575555847803758,0.0,nan
76,98,0.0008806987579453465,0.0625,nan
76,99,0.000283404403599726,0.0,nan
77,0,0.00025677816647636935,0.0,nan
77,1,0.00046626365541348473,0.0,nan
77,2,0.00019256548795588518,0.0,nan
77,3,0.00020304757786510026,0.0,nan
77,4,0.000571509357334316,0.0,nan
77,5,0.00040029829642208403,0.0,nan
77,6,0.00012921899839015365,0.0,nan
77,7,0.00015601404335940244,0.0,nan
77,8,0.0008795528749203071,0.0,nan
77,9,0.0010946214192981776,0.0,nan
77,10,0.00015708204849408005,0.0,nan
77,11,0.0002096803268197541,0.0,nan
77,12,0.00030322140602180933,0.0,nan
77,13,0.00017736301161066224,0.0,nan
77,14,0.0012966232128989676,0.0625,nan
77,15,0.0009618011092975984,0.0,nan
77,16,0.007851316789218986,0.1875,nan
77,17,0.00660787013881998,0.25,nan
77,18,0.00026359804434617927,0.0,nan
77,19,0.00016398074218375349,0.0,nan
77,20,0.00016102642695112646,0.0,nan
77,21,0.00021254861496786468,0.0,nan
77,22,0.00042790120849952755,0.0,nan
77,23,0.0004897959798826664,0.0,nan
77,24,0.0005726390399618676,0.0625,nan
77,25,0.00028840737754948096,0.0,nan
77,26,0.000279724861945301,0.0,nan
77,27,0.0008371712581639921,0.0,nan
77,28,0.0007662382221757091,0.0,nan
77,29,0.00015680113739087692,0.0,nan
77,30,0.00032162710912573856,0.0,nan
77,31,0.00018521895244999652,0.0,nan
77,32,0.000675418261535652,0.0,nan
77,33,0.000625092877425503,0.0,nan
77,34,0.0007804966918933615,0.0,nan
77,35,0.00032644159824872683,0.0,nan
77,36,0.007562701853824802,0.0,nan
77,37,0.0002886342129041998,0.0,nan
77,38,0.0002671655911727856,0.0,nan
77,39,0.00024989057107385943,0.0,nan
77,40,0.00021822900298831802,0.0,nan
77,41,0.00033471677479596473,0.0,nan
77,42,0.000703977308236474,0.0,nan
77,43,0.0004475362018411305,0.0,nan
77,44,0.0003544072902441338,0.0,nan
77,45,0.0004116696950415733,0.0,nan
77,46,0.00034275170095556694,0.0,nan
77,47,0.0008404356789332473,0.0,nan
77,48,0.000807406195025256,0.0,nan
77,49,0.0001823979966224208,0.0,nan
77,50,0.00034243182348683225,0.0,nan
77,51,0.0010913339076854547,0.0,nan
77,52,0.00015630140839001199,0.0,nan
77,53,0.00019626482951836982,0.0,nan
77,54,0.0003101545620656891,0.0,nan
77,55,0.00037342716039782367,0.0,nan
77,56,0.0003536252961440412,0.0,nan
77,57,0.0005433184312770795,0.0,nan
77,58,0.0004781045938223198,0.0,nan
77,59,4.8387426816499254e-05,0.0,nan
77,60,0.0007215572706800839,0.0,nan
77,61,0.00027644166406575355,0.0,nan
77,62,0.000445162962397313,0.0,nan
77,63,0.000483864086394389,0.0,nan
77,64,0.0010916910323866204,0.0,nan
77,65,0.00022175248327319533,0.0,nan
77,66,0.0002735144227164005,0.0,nan
77,67,0.0002654411523001839,0.0,nan
77,68,0.0003012018306671593,0.0,nan
77,69,0.0002541637125796019,0.0,nan
77,70,0.0002517555792581791,0.0,nan
77,71,0.00024382819159153183,0.0,nan
77,72,0.000878858564532759,0.0625,nan
77,73,0.00017012135083839487,0.0,nan
77,74,0.0003524237816227647,0.0,nan
77,75,0.09018832134745595,0.8125,nan
77,76,0.0015345588757668303,0.0625,nan
77,77,0.0001303171246369146,0.0,nan
77,78,0.00033018375871623655,0.0,nan
77,79,0.000386628660104343,0.0,nan
77,80,0.00021064835736058833,0.0,nan
77,81,0.00022923394286656655,0.0,nan
77,82,0.00015695177968005637,0.0,nan
77,83,0.00044718546629901037,0.0,nan
77,84,0.0005949584258301915,0.0,nan
77,85,0.00019301889488437392,0.0,nan
77,86,0.00014493258820217155,0.0,nan
77,87,0.0005965099083117374,0.0,nan
77,88,0.00031234398923828404,0.0,nan
77,89,0.0005949030343271975,0.0,nan
77,90,0.00035754903913165807,0.0,nan
77,91,0.0002722154550164696,0.125,nan
77,92,0.00044926541408955254,0.0,nan
77,93,0.0005504965413538757,0.0,nan
77,94,0.00020543050247478844,0.0,nan
77,95,0.0002690690447276124,0.0,nan
77,96,0.0004338791357018834,0.0,nan
77,97,0.00015378843622930355,0.0,nan
77,98,0.0004904004042423395,0.0625,nan
77,99,0.00096353383291538,0.0,nan
78,0,0.00043739172380649117,0.0,nan
78,1,0.0003166479291277487,0.0,nan
78,2,0.00032784898461400675,0.0,nan
78,3,0.0008273809666963906,0.0,nan
78,4,0.019216306889715998,0.5,nan
78,5,0.0009308569166261772,0.0,nan
78,6,0.00012482802822243053,0.0,nan
78,7,0.0004924236325370278,0.0,nan
78,8,0.0015220720202720433,0.0,nan
78,9,0.00024194200942857043,0.0,nan
78,10,0.0004955530573581657,0.0,nan
78,11,0.0013105163598930735,0.0,nan
78,12,0.00033391146352409226,0.0,nan
78,13,0.0003698140856091818,0.0,nan
78,14,0.00038671000850630695,0.0,nan
78,15,0.010022714410710228,0.375,nan
78,16,0.0077316480560587755,0.125,nan
78,17,0.001024340907822536,0.0,nan
78,18,0.0004354211892822332,0.0,nan
78,19,0.00016343992465866317,0.0,nan
78,20,0.00026584248124573095,0.0,nan
78,21,0.00046339430380250084,0.0,nan
78,22,0.0006883435126955885,0.0,nan
78,23,0.00019807128108104366,0.0,nan
78,24,0.001256726837110195,0.0,nan
78,25,0.0003131000305201451,0.0,nan
78,26,0.00052635030609153,0.0,nan
78,27,0.0022709316719422426,0.1875,nan
78,28,0.0006166282685870962,0.0,nan
78,29,0.00017283104247494278,0.0,nan
78,30,0.00020633732935374497,0.0,nan
78,31,0.00047724070283881816,0.0,nan
78,32,0.0004253587577942868,0.0,nan
78,33,0.0013947770111661776,0.0,nan
78,34,0.00025808643407196564,0.0,nan
78,35,0.0003092839227869474,0.0,nan
78,36,0.0011218248520542973,0.0625,nan
78,37,0.0003102658932967368,0.0,nan
78,38,0.00026836185002124,0.0,nan
78,39,0.0004622665706245075,0.0,nan
78,40,0.00028809419884644107,0.0,nan
78,41,0.0005660736288166442,0.0,nan
78,42,0.0010347892521191298,0.0625,nan
78,43,0.0005748817136468271,0.0,nan
78,44,0.0014133792434025947,0.0,nan
78,45,0.0023683479475810785,0.125,nan
78,46,0.0002868465463803987,0.0,nan
78,47,8.693411458869833e-05,0.0,nan
78,48,0.00026591823683064697,0.0,nan
78,49,0.0010971456818122264,0.0,nan
78,50,0.0005394811295764579,0.0,nan
78,51,0.0006775036602967789,0.0,nan
78,52,0.0006232844167321197,0.0,nan
78,53,0.0004099958350349469,0.0,nan
78,54,0.00025265740746326575,0.0,nan
78,55,0.00021899264430723261,0.0,nan
78,56,0.0004645511107228689,0.0,nan
78,57,0.00034465365320481944,0.0,nan
78,58,0.0004441373158780472,0.0,nan
78,59,0.00013358508433167262,0.0,nan
78,60,0.00011753602749560872,0.0,nan
78,61,0.00015038801772372017,0.0,nan
78,62,0.00011983007934227312,0.0,nan
78,63,0.0007639509827031131,0.0,nan
78,64,0.00046334447836961825,0.0,nan
78,65,0.0006685229954193231,0.0,nan
78,66,0.00023332914535949376,0.0,nan
78,67,0.00018387008218990558,0.0,nan
78,68,0.0003795075009402935,0.0,nan
78,69,0.0004671551226668772,0.0,nan
78,70,0.0001401929495254554,0.0,nan
78,71,0.0004857102561126003,0.0625,nan
78,72,0.0003524192475463792,0.0,nan
78,73,0.0015614261027108761,0.0,nan
78,74,0.00163502765983309,0.0625,nan
78,75,0.0004073412947783219,0.125,nan
78,76,0.0009585754612254384,0.0625,nan
78,77,0.00026563207391457435,0.0,nan
78,78,0.00032839652655140296,0.0,nan
78,79,0.00037190993336464585,0.0625,nan
78,80,9.8305260913265e-05,0.0,nan
78,81,0.00024614850761877445,0.0,nan
78,82,0.00036171515631871066,0.0,nan
78,83,0.001145671279711576,0.0,nan
78,84,0.0001540161284816205,0.0,nan
78,85,0.0031329489279099607,0.0625,nan
78,86,0.0003067984558816981,0.0,nan
78,87,0.00044147993894601354,0.0,nan
78,88,0.0002456774250665938,0.0,nan
78,89,0.002344707946805997,0.0625,nan
78,90,0.00027612452924229185,0.0,nan
78,91,0.0002023252361776696,0.0,nan
78,92,0.00031889408562746217,0.0,nan
78,93,0.00016333128311956177,0.0,nan
78,94,0.00025328759505645955,0.0,nan
78,95,0.0001983963970751708,0.0,nan
78,96,0.0003022253486846268,0.0,nan
78,97,0.000574720123258831,0.0,nan
78,98,0.0005814708119088025,0.0,nan
78,99,0.0005920397508204199,0.0,nan
79,0,0.00045608163438060507,0.0,nan
79,1,0.0003205120356098856,0.0,nan
79,2,0.00020731807419007225,0.0,nan
79,3,0.0004800124190965834,0.0,nan
79,4,0.0007830259192361953,0.1875,nan
79,5,0.0002738480656131792,0.0,nan
79,6,0.0002515988477093488,0.0,nan
79,7,0.0005304485843517352,0.0,nan
79,8,0.0011524168808514298,0.0,nan
79,9,0.002505421948278121,0.0625,nan
79,10,0.00043446736729394576,0.0,nan
79,11,0.0006185137478289776,0.0,nan
79,12,0.00017323528228518442,0.0,nan
79,13,0.00040177428111258756,0.0,nan
79,14,0.0003225409254008489,0.0,nan
79,15,0.001530876621235655,0.125,nan
79,16,0.00991336087120533,0.125,nan
79,17,0.0007921607360339921,0.0,nan
79,18,0.0004156314861177779,0.0625,nan
79,19,0.00043785178747198915,0.0,nan
79,20,0.0001240006975111619,0.0,nan
79,21,0.00022631655682191616,0.0,nan
79,22,0.0002591294109057223,0.0,nan
79,23,0.00018480379748796806,0.0,nan
79,24,0.0007058295103721096,0.0,nan
79,25,0.00039856892587097366,0.0,nan
79,26,0.00010268319131061396,0.0,nan
79,27,0.00017582727225585342,0.0,nan
79,28,0.00023968796694681676,0.0,nan
79,29,0.0005734986179393579,0.0,nan
79,30,0.0008805092302041325,0.0625,nan
79,31,0.0005646680054746487,0.0,nan
79,32,0.00032166068663929537,0.0,nan
79,33,0.005247981362240587,0.375,nan
79,34,0.00024474573874789314,0.0,nan
79,35,0.0003460813009643044,0.0,nan
79,36,0.00047859978820118825,0.0,nan
79,37,0.0007326034702089515,0.0,nan
79,38,0.0005770770608434204,0.0,nan
79,39,0.0001664174884556665,0.0,nan
79,40,0.0003803823034325964,0.0625,nan
79,41,0.0004716808335425248,0.0,nan
79,42,0.0004272572405396273,0.0,nan
79,43,0.0005553462824118226,0.0,nan
79,44,0.0016492819524308714,0.0625,nan
79,45,0.0009719649795866055,0.0,nan
79,46,0.00017859063640358912,0.0,nan
79,47,0.00015967305617915425,0.0,nan
79,48,0.0003376281415245527,0.0,nan
79,49,0.00026070780491118024,0.0,nan
79,50,0.00030509311889644953,0.0,nan
79,51,0.00012527217636885258,0.0,nan
79,52,0.0007342227338778685,0.0,nan
79,53,0.0003242189772532971,0.0,nan
79,54,0.00027666915344815815,0.0,nan
79,55,0.00011833880233720173,0.0,nan
79,56,0.0005728238861044523,0.0,nan
79,57,0.00045926132777353144,0.0,nan
79,58,0.00016647161358781604,0.0,nan
79,59,0.0005051878692685704,0.0,nan
79,60,0.00011743501921132303,0.0,nan
79,61,0.000614578286313163,0.0,nan
79,62,0.0002657014141273492,0.0,nan
79,63,0.00047596269712550903,0.0625,nan
79,64,0.0004846459118830207,0.0,nan
79,65,0.0005487564378296477,0.0,nan
79,66,0.0006966211087766021,0.0,nan
79,67,0.0006311960475603861,0.0,nan
79,68,0.0002812185513292217,0.0625,nan
79,69,0.00039471319676195047,0.0,nan
79,70,0.0002656042938590816,0.0,nan
79,71,0.00023540147317813184,0.0,nan
79,72,0.00031994879998435406,0.0,nan
79,73,0.00017203751408526543,0.0,nan
79,74,0.0005935440195414287,0.0,nan
79,75,0.0017006787626812998,0.375,nan
79,76,0.00038869056127714913,0.0,nan
79,77,0.0006907055512969997,0.0,nan
79,78,0.000297736427844227,0.0,nan
79,79,0.00034755735397832107,0.0,nan
79,80,0.0004539316673548555,0.0,nan
79,81,0.0003818242943794216,0.0,nan
79,82,0.0011262901460307015,0.0,nan
79,83,0.00046625635362782306,0.0,nan
79,84,0.0005013713153840271,0.0,nan
79,85,0.000787714078298582,0.0,nan
79,86,0.0007463008825296011,0.0,nan
79,87,0.0016074743295820888,0.0,nan
79,88,0.00028914874836922735,0.0,nan
79,89,0.00047635887392987353,0.0,nan
79,90,0.0005947258846496736,0.0,nan
79,91,0.0025940589112114026,0.1875,nan
79,92,0.0006699445018498577,0.0625,nan
79,93,0.00033608801463063493,0.0,nan
79,94,0.000638930222294198,0.0,nan
79,95,0.00029220982967991026,0.0,nan
79,96,0.0005042169509351882,0.0,nan
79,97,0.0037399625806009075,0.1875,nan
79,98,0.0010416633928943759,0.0625,nan
79,99,0.00014481370250693087,0.0,nan
80,0,0.0003734570576248721,0.0,nan
80,1,0.00020542858903497462,0.0,nan
80,2,0.0002396320146046019,0.0,nan
80,3,0.0005892939632565831,0.0,nan
80,4,0.00132201079326583,0.0625,nan
80,5,0.000848138839736976,0.0,nan
80,6,0.00022082045757161308,0.0,nan
80,7,0.00028982186698288035,0.0,nan
80,8,0.00031081561284347365,0.0,nan
80,9,0.0005166945871023379,0.0,nan
80,10,0.0002995403050920268,0.0,nan
80,11,0.0003142913051992775,0.0,nan
80,12,0.00018293092983584985,0.0,nan
80,13,0.0002749154798920069,0.0,nan
80,14,0.0014286211663237804,0.0625,nan
80,15,0.0019341994050566323,0.125,nan
80,16,0.008160968254003457,0.1875,nan
80,17,0.00023496613483605852,0.0,nan
80,18,0.0006027507412538857,0.0,nan
80,19,0.0001580969518375159,0.0,nan
80,20,0.0002767697780855162,0.0,nan
80,21,0.0002983430738403472,0.0,nan
80,22,0.00048224908292823397,0.0625,nan
80,23,0.00021496921830860185,0.0,nan
80,24,0.0003924842444872975,0.0,nan
80,25,0.00039215140663775416,0.0625,nan
80,26,0.0006266759507589715,0.0,nan
80,27,0.0006192962130659857,0.0,nan
80,28,0.0003987497403285448,0.0,nan
80,29,0.0002961723825700126,0.0,nan
80,30,0.0008025914925558634,0.0,nan
80,31,0.0005638989229338003,0.0,nan
80,32,0.0004803154450972819,0.0,nan
80,33,0.0003527533792153073,0.0,nan
80,34,0.0002034981111028321,0.0,nan
80,35,0.00023035589899808438,0.0625,nan
80,36,0.00032584200956789884,0.0,nan
80,37,0.0002853783910718232,0.0,nan
80,38,0.0005517129082546771,0.0,nan
80,39,0.00030201560041935924,0.0,nan
80,40,0.0003791211269767318,0.0,nan
80,41,0.00036305796240289215,0.0,nan
80,42,0.0006091730940669802,0.0,nan
80,43,0.0004639349536458809,0.0625,nan
80,44,0.000516553290295357,0.0,nan
80,45,0.00026961615959886795,0.0,nan
80,46,0.00011888133878512268,0.0,nan
80,47,0.0006976578035557225,0.0,nan
80,48,0.0002649931751991758,0.0,nan
80,49,9.097421860931201e-05,0.0,nan
80,50,0.00027483723360563044,0.0,nan
80,51,0.0007109198511195743,0.0,nan
80,52,0.00014366871052784783,0.0,nan
80,53,0.0005191033256196702,0.0,nan
80,54,0.0004348470684947333,0.0,nan
80,55,0.00023603682744527372,0.0,nan
80,56,0.00013707441638190286,0.0,nan
80,57,0.0005721796662836731,0.0,nan
80,58,0.00032481584687757783,0.0,nan
80,59,9.853156247135032e-05,0.0,nan
80,60,0.0006192704450121444,0.0,nan
80,61,0.03571082185527227,0.6875,nan
80,62,0.00032004506844925514,0.0,nan
80,63,0.0003650835051811384,0.0,nan
80,64,0.0014141491455756704,0.0,nan
80,65,0.00015397896073864807,0.0,nan
80,66,0.00011971120064287282,0.0,nan
80,67,0.0004220224706940895,0.0,nan
80,68,0.00022366707438853658,0.0,nan
80,69,0.0006601796172233745,0.0,nan
80,70,0.0006576680274773059,0.0,nan
80,71,0.0019350094478102061,0.0625,nan
80,72,0.0005198727778440811,0.0,nan
80,73,0.00014504023007225184,0.0625,nan
80,74,0.0005203545326854763,0.0,nan
80,75,0.012708396651029338,0.4375,nan
80,76,0.0030367312489855717,0.0625,nan
80,77,0.0002228593205537919,0.0,nan
80,78,0.0001232602990602054,0.0,nan
80,79,0.00046095614764233363,0.0,nan
80,80,0.00014340127966725098,0.0,nan
80,81,0.00034475318864109845,0.0,nan
80,82,0.0005775785313327016,0.0,nan
80,83,0.00030503813092696403,0.0,nan
80,84,0.0005389088661361044,0.0,nan
80,85,0.00010478835672432253,0.0,nan
80,86,0.00023387098917229497,0.0,nan
80,87,4.874925551080015e-05,0.0,nan
80,88,0.0003398725435156329,0.0,nan
80,89,0.0002174718019434464,0.0,nan
80,90,2.3472948271391502e-05,0.0,nan
80,91,0.000309451906809518,0.0,nan
80,92,0.0002569890983253197,0.0,nan
80,93,0.0002995199407438647,0.0,nan
80,94,0.000264834376540778,0.0,nan
80,95,0.00030731486774327355,0.0,nan
80,96,0.0003725150112992284,0.0,nan
80,97,0.00012350585805526496,0.0,nan
80,98,0.0010217727967908466,0.0,nan
80,99,0.0002439677465228069,0.0,nan
81,0,0.00010604680766932443,0.0,nan
81,1,0.00010764338860101084,0.0,nan
81,2,0.00018943807325057206,0.0,nan
81,3,0.0003439403124005575,0.0,nan
81,4,0.00030521334239009705,0.0,nan
81,5,0.0008529273407069558,0.125,nan
81,6,0.00013981146847224298,0.0,nan
81,7,0.00020486126940206655,0.0,nan
81,8,0.0011086453155166249,0.0,nan
81,9,0.0004005685992472155,0.0,nan
81,10,0.00017658496427301436,0.0,nan
81,11,0.00017363748013901197,0.0,nan
81,12,0.00012219927261702886,0.0,nan
81,13,5.994173499588922e-05,0.0,nan
81,14,0.00043185168824243366,0.0625,nan
81,15,0.00040696680189908124,0.0,nan
81,16,0.012845990056779423,0.375,nan
81,17,0.003410248651977433,0.1875,nan
81,18,0.0001867916684003226,0.0,nan
81,19,0.00011659163656536738,0.0,nan
81,20,0.0002302522317280246,0.0,nan
81,21,0.00025269490758540297,0.0,nan
81,22,0.00013415539073889307,0.0,nan
81,23,0.0018161242242877079,0.125,nan
81,24,0.00012178848542074704,0.0,nan
81,25,0.00040874277790035516,0.0,nan
81,26,0.00017573098134084607,0.0,nan
81,27,0.00037677684602765895,0.0,nan
81,28,0.0009917492304137,0.0,nan
81,29,0.00022779018039833121,0.0,nan
81,30,0.0004450824858927544,0.0,nan
81,31,0.00022167856301459453,0.0,nan
81,32,0.0008505731771989506,0.0625,nan
81,33,0.0020331549834158376,0.25,nan
81,34,0.00013197818013347486,0.0,nan
81,35,0.0002163468252697167,0.0,nan
81,36,0.0011821641482583647,0.0,nan
81,37,0.00014323461678516326,0.0,nan
81,38,0.0002699332833318275,0.0,nan
81,39,0.00016489823557177337,0.0,nan
81,40,0.0001337251554870158,0.0,nan
81,41,0.00018012830918201424,0.0,nan
81,42,0.0008825971268650828,0.0,nan
81,43,0.0001646810484633764,0.0,nan
81,44,0.00026054719856186527,0.0,nan
81,45,0.000300028904971116,0.0,nan
81,46,0.00014553116868616298,0.0,nan
81,47,0.00057120546246392,0.0,nan
81,48,0.0004983936634120066,0.0,nan
81,49,0.0007766202322016991,0.0,nan
81,50,0.00028235750134913507,0.0,nan
81,51,0.00019640651020385615,0.0,nan
81,52,0.0004378987771725638,0.0,nan
81,53,0.00025893273691312776,0.0,nan
81,54,0.00013347651001164765,0.0,nan
81,55,8.104948182623008e-05,0.0,nan
81,56,0.0004177005083708644,0.0,nan
81,57,0.00023112846916322567,0.0,nan
81,58,0.0004897462726268072,0.125,nan
81,59,0.0002849976991281109,0.0,nan
81,60,0.0006599155766929016,0.0625,nan
81,61,0.0002417124614590533,0.0,nan
81,62,0.00019604272916708403,0.0,nan
81,63,0.0002958530653466419,0.0,nan
81,64,0.0004548921000471377,0.0,nan
81,65,7.261906193728378e-05,0.0,nan
81,66,0.0006032392806201092,0.0625,nan
81,67,0.00024973163039201886,0.0,nan
81,68,0.00018143584959165004,0.0,nan
81,69,0.0003379567387434812,0.0,nan
81,70,0.0003373614460974881,0.0,nan
81,71,0.00014894761534142806,0.0,nan
81,72,8.185309671850518e-05,0.0,nan
81,73,8.115628864842185e-05,0.0,nan
81,74,0.00032768798234803073,0.0,nan
81,75,0.09790198554257076,1.0,nan
81,76,0.00026876961311322976,0.0,nan
81,77,0.0004737589454368662,0.0,nan
81,78,0.00016030437251808542,0.0,nan
81,79,0.00047265985310633964,0.0625,nan
81,80,0.00014977789110798617,0.0,nan
81,81,0.0001691275718351975,0.0,nan
81,82,0.00023627670007073,0.0,nan
81,83,0.00047368977697193916,0.0,nan
81,84,0.00011534545961744905,0.0,nan
81,85,0.0001949722725445065,0.0,nan
81,86,0.000138073994068587,0.0,nan
81,87,0.0002773013433838369,0.0,nan
81,88,0.00010355250823003019,0.0,nan
81,89,0.0001633347796718578,0.0,nan
81,90,0.0004508162998698353,0.0,nan
81,91,0.00024119343102669337,0.0,nan
81,92,0.0005321134406035135,0.0,nan
81,93,3.087735079662243e-05,0.0,nan
81,94,0.00014066853261766448,0.0,nan
81,95,0.00023371639198933454,0.0,nan
81,96,0.0001549787331893693,0.0,nan
81,97,0.00013001845530111064,0.0,nan
81,98,0.00025938532371077455,0.0,nan
81,99,0.00036894152116111916,0.0,nan
82,0,0.00033521167620730475,0.0,nan
82,1,0.00014400569491863221,0.0,nan
82,2,0.0001740199018865093,0.0,nan
82,3,0.00024261553012734275,0.0,nan
82,4,0.0001767302507776655,0.0,nan
82,5,0.00020922520382508924,0.0,nan
82,6,0.00013021778405884488,0.0,nan
82,7,0.0002740624088827266,0.0,nan
82,8,0.0015636716514255886,0.0,nan
82,9,0.0024398808091584895,0.0,nan
82,10,0.00011168395760728224,0.0,nan
82,11,0.0002832516502368891,0.0,nan
82,12,0.000298380507087657,0.0,nan
82,13,0.0003631559354255079,0.0,nan
82,14,0.0028305737450376204,0.0625,nan
82,15,0.00030594217836993484,0.0,nan
82,16,0.00917890040048783,0.25,nan
82,17,0.009503305338951471,0.3125,nan
82,18,0.00016239956798135002,0.0,nan
82,19,0.0005170876330843931,0.0,nan
82,20,9.77690834376827e-05,0.0,nan
82,21,0.00016724069851463739,0.0,nan
82,22,0.00036310140198757615,0.0,nan
82,23,0.00027251666695742374,0.0,nan
82,24,0.00016570583411366777,0.0,nan
82,25,0.00018972446139221534,0.0,nan
82,26,0.0004211834823246401,0.1875,nan
82,27,0.00020896016352138616,0.0,nan
82,28,0.0002811718062811926,0.0,nan
82,29,0.0006247907833466678,0.0,nan
82,30,0.0005002572123171082,0.0,nan
82,31,0.0002608296749024065,0.0,nan
82,32,0.00024341109527817648,0.0,nan
82,33,0.00016703127035743056,0.0,nan
82,34,0.0003106879377531992,0.0,nan
82,35,0.00016610585537661096,0.0,nan
82,36,0.0008117932119849452,0.0625,nan
82,37,0.00032760464481695385,0.0,nan
82,38,0.00015322685609930723,0.0625,nan
82,39,0.0003368954104134446,0.0,nan
82,40,0.00013001528906985685,0.0,nan
82,41,0.00015261928480310105,0.0,nan
82,42,0.00026342064649033565,0.0,nan
82,43,0.00016407713096441685,0.0,nan
82,44,0.0005934617198039915,0.0625,nan
82,45,0.00010617875704690372,0.0,nan
82,46,0.00014561640068824186,0.0,nan
82,47,0.00017581175703623283,0.0,nan
82,48,0.0002408797829354233,0.0,nan
82,49,0.002636859663521493,0.125,nan
82,50,0.0001318911490360483,0.0,nan
82,51,0.00020934890282282636,0.0,nan
82,52,0.000224403450668227,0.0,nan
82,53,0.00043423000885179383,0.0,nan
82,54,6.181725431264112e-05,0.0,nan
82,55,0.00036214875869300015,0.0,nan
82,56,0.000370009474645902,0.0,nan
82,57,0.00020887431567935194,0.0,nan
82,58,5.087537583955501e-05,0.0,nan
82,59,0.0003100644649361103,0.0,nan
82,60,0.00019122072670822347,0.0,nan
82,61,0.0006451760403076839,0.0,nan
82,62,0.0001770951824814908,0.0,nan
82,63,0.0004541738686737205,0.0,nan
82,64,0.000715992110092986,0.0,nan
82,65,0.0001706952460018871,0.0,nan
82,66,6.262270006723668e-05,0.0,nan
82,67,0.00026296212604547586,0.0,nan
82,68,0.00010847635052979368,0.0,nan
82,69,0.0003489336212293251,0.0,nan
82,70,0.00022828804100723108,0.0,nan
82,71,0.00021675615390703915,0.0,nan
82,72,0.0007905842104549666,0.0,nan
82,73,0.00023064909724003317,0.0,nan
82,74,0.00013989030032895354,0.0,nan
82,75,0.022615647318902504,0.5,nan
82,76,0.005694601326449541,0.25,nan
82,77,0.00013121037015758266,0.0,nan
82,78,0.00018235341472653649,0.0,nan
82,79,0.0002491027351213921,0.125,nan
82,80,0.00042987746884247673,0.0,nan
82,81,6.15506341697641e-05,0.0,nan
82,82,0.00015800393322493357,0.0,nan
82,83,0.00040273550470192965,0.0,nan
82,84,0.000666909944497197,0.0625,nan
82,85,0.0003831462800383798,0.0,nan
82,86,9.804046218657003e-05,0.0,nan
82,87,0.00012200994017089198,0.0,nan
82,88,0.00022834699955980633,0.0,nan
82,89,9.097074983776246e-05,0.0,nan
82,90,0.0009538300925351745,0.0,nan
82,91,0.0004185230573767655,0.0,nan
82,92,0.0002021173569257514,0.0,nan
82,93,0.00016778347674841683,0.0,nan
82,94,0.0003025177452743349,0.0,nan
82,95,0.00022889394793978578,0.0,nan
82,96,0.0003392959620351669,0.0,nan
82,97,0.0006568197922319496,0.0625,nan
82,98,0.0010431162877526006,0.0625,nan
82,99,0.000324409262189044,0.0,nan
83,0,0.000491443182816163,0.0,nan
83,1,0.00011668070306131568,0.0,nan
83,2,0.00029548511891413587,0.0,nan
83,3,0.0013185986273065299,0.0,nan
83,4,0.0019910466537800655,0.0,nan
83,5,0.001724539460202115,0.125,nan
83,6,0.00034939526715400395,0.0,nan
83,7,0.0006600442082883892,0.0,nan
83,8,0.00045807848129790333,0.0,nan
83,9,0.0012967614191786454,0.0625,nan
83,10,0.0007234599390815416,0.0,nan
83,11,0.00026319860199249705,0.0,nan
83,12,0.0004793783123913233,0.0,nan
83,13,0.0004470855576973611,0.0,nan
83,14,0.0012419156538522643,0.0625,nan
83,15,0.0008790952574814451,0.0,nan
83,16,0.00044800221877757936,0.0,nan
83,17,0.0003702188987697705,0.0,nan
83,18,0.0007473102043199695,0.0,nan
83,19,0.00041116363701237246,0.0,nan
83,20,0.00019789724483192518,0.0,nan
83,21,0.001086723763540916,0.0,nan
83,22,0.0007580785049675,0.0,nan
83,23,0.0004725982221064869,0.0,nan
83,24,9.983337799712636e-05,0.0,nan
83,25,0.00017107198784226344,0.0,nan
83,26,0.0011449614784824163,0.0,nan
83,27,0.00025830151076820513,0.0,nan
83,28,0.0004525122215939299,0.0,nan
83,29,0.0003248237140214089,0.0,nan
83,30,0.0005728152131412193,0.0,nan
83,31,0.0001983678020707633,0.0,nan
83,32,0.0006364180372671015,0.0,nan
83,33,0.00041630433276311984,0.0,nan
83,34,0.0010132262601880008,0.0,nan
83,35,0.0005919390425418217,0.0,nan
83,36,0.009474260052949044,0.25,nan
83,37,0.002848203770224474,0.0625,nan
83,38,0.00031545885392205255,0.0,nan
83,39,0.0004252536739587308,0.0,nan
83,40,0.0003790555653341514,0.0,nan
83,41,0.000381821938165967,0.0,nan
83,42,0.0010482812314278676,0.0,nan
83,43,0.00016375308160760982,0.0,nan
83,44,0.0017523278751768062,0.0,nan
83,45,0.002297298294952462,0.0,nan
83,46,0.0003179143467532321,0.0,nan
83,47,0.00041480835004538755,0.0,nan
83,48,0.0005743286405444823,0.0,nan
83,49,0.001580028781501112,0.0,nan
83,50,0.0004300076634212961,0.0625,nan
83,51,0.0011158071515761949,0.0,nan
83,52,0.00028730013804508566,0.0,nan
83,53,0.0004873074721911311,0.0,nan
83,54,0.00043577519154666406,0.0,nan
83,55,0.00016815796785690283,0.0,nan
83,56,0.0008713111262371478,0.0,nan
83,57,0.00013958607721886357,0.0,nan
83,58,0.001068610314726194,0.0625,nan
83,59,0.0001981969353648455,0.0,nan
83,60,0.0004697590349027524,0.0,nan
83,61,0.001074798061427843,0.0,nan
83,62,0.0002569185718731163,0.0,nan
83,63,0.0007785549830160047,0.0,nan
83,64,8.138771844075297e-05,0.0,nan
83,65,0.00047691186771808955,0.0,nan
83,66,0.0006210916277596737,0.0,nan
83,67,0.001361109338160642,0.0,nan
83,68,0.00027751956342620147,0.0,nan
83,69,0.0006303356253064036,0.0,nan
83,70,0.0007364479687883162,0.0,nan
83,71,0.004313614389621677,0.3125,nan
83,72,0.00019584560559298387,0.0,nan
83,73,0.00035734621653175144,0.0,nan
83,74,0.0015810089591258623,0.0,nan
83,75,0.0005654136593765024,0.0,nan
83,76,0.0013881701470657248,0.0,nan
83,77,0.0006557732513241155,0.0,nan
83,78,0.0004618565371538305,0.0,nan
83,79,0.0002047715706211478,0.0,nan
83,80,7.491086167338656e-05,0.0,nan
83,81,0.0006207517510524405,0.0,nan
83,82,0.0006651128416292589,0.0,nan
83,83,0.0005431001849337515,0.0,nan
83,84,0.0006410119496270564,0.0,nan
83,85,0.0003630249237812315,0.0,nan
83,86,0.0007850916120596368,0.0,nan
83,87,0.002059846990336428,0.1875,nan
83,88,0.0003189416364243941,0.0,nan
83,89,0.000707753092233426,0.0,nan
83,90,0.00034462382469905005,0.0,nan
83,91,0.0012899369322009542,0.1875,nan
83,92,0.0008664047178597906,0.0,nan
83,93,0.0007134484474580472,0.0,nan
83,94,0.0008896397043753339,0.0,nan
83,95,0.00031002995579666975,0.0,nan
83,96,0.0006901314228524328,0.0,nan
83,97,0.0009126790955334206,0.0,nan
83,98,0.0010335257730301555,0.0,nan
83,99,0.0032415095690794407,0.125,nan
84,0,0.0011250182582279583,0.0,nan
84,1,0.0003397828030225516,0.0,nan
84,2,0.00022703816041448312,0.0,nan
84,3,0.0002498030479259479,0.0,nan
84,4,0.0013894244052396038,0.125,nan
84,5,0.0025225063644066913,0.0625,nan
84,6,0.0003876086237636102,0.0,nan
84,7,0.00043459025319268866,0.0,nan
84,8,0.0012689905651520161,0.0625,nan
84,9,0.0005537708847127806,0.0,nan
84,10,0.0004530229606375983,0.0,nan
84,11,0.0004898929457339648,0.0,nan
84,12,0.0005785657527894191,0.0,nan
84,13,0.0009778174371868475,0.0,nan
84,14,0.00178293921367943,0.0625,nan
84,15,0.00016489259791112925,0.0,nan
84,16,0.005785186222964591,0.0,nan
84,17,0.0005942991866797463,0.0,nan
84,18,0.00042463414487398153,0.0,nan
84,19,0.0003571900367804728,0.0,nan
84,20,0.0003318515271960779,0.0,nan
84,21,0.00022022810644569248,0.0,nan
84,22,0.0010021394607223643,0.0,nan
84,23,0.00044804894421754144,0.0,nan
84,24,0.00015102112407523865,0.0,nan
84,25,0.0005050613122487008,0.0,nan
84,26,0.0003742250147564226,0.125,nan
84,27,0.0009634623620667303,0.0,nan
84,28,0.0009705868167321067,0.0,nan
84,29,0.0003030208923194234,0.0,nan
84,30,0.0004770596397497117,0.0,nan
84,31,0.00023923173958779618,0.0,nan
84,32,0.0012318763001701724,0.0,nan
84,33,0.0008255756765656211,0.125,nan
84,34,0.00017103824322600453,0.0,nan
84,35,0.00014162523171658742,0.0,nan
84,36,0.0006281997564497601,0.0,nan
84,37,0.00036594258388161766,0.0,nan
84,38,0.0005912915600715017,0.0625,nan
84,39,0.000128118794315468,0.0,nan
84,40,0.0002631331437087937,0.0,nan
84,41,0.00046164128027475484,0.0,nan
84,42,0.00043196773918365277,0.0,nan
84,43,0.0006088009449885664,0.0,nan
84,44,0.0003987664836479544,0.0,nan
84,45,0.00045743934329601474,0.0,nan
84,46,0.0004939484051959279,0.0,nan
84,47,0.001839492991435722,0.0625,nan
84,48,0.000481687104664081,0.0,nan
84,49,0.0004828296735802217,0.0,nan
84,50,0.0007608787333241811,0.0625,nan
84,51,0.0022616870364158374,0.0,nan
84,52,0.0003142225581241833,0.0,nan
84,53,0.00032311937731376977,0.0,nan
84,54,0.0004579754255973097,0.0,nan
84,55,0.0003477211782023516,0.0,nan
84,56,0.0006555824074357396,0.0,nan
84,57,0.0002519739830499258,0.0,nan
84,58,0.0017672212762480685,0.0625,nan
84,59,0.00022441202149438733,0.0,nan
84,60,0.0006100011479603362,0.0625,nan
84,61,0.0011447127306991425,0.0625,nan
84,62,0.00014639631848975453,0.0,nan
84,63,0.0002485345529899041,0.0,nan
84,64,0.0007087824283864166,0.0,nan
84,65,0.00015297883886365374,0.0,nan
84,66,0.00036905179675551813,0.0,nan
84,67,0.0003413141488775315,0.0,nan
84,68,0.00035619737932029874,0.0,nan
84,69,0.00033858896656702907,0.0,nan
84,70,0.0006135917468449827,0.0,nan
84,71,0.0004067909013025444,0.0,nan
84,72,0.00024003835211401097,0.0,nan
84,73,0.0008899405609101215,0.0,nan
84,74,0.00031159565471271765,0.0,nan
84,75,0.0010717713283372727,0.1875,nan
84,76,0.002257417443229862,0.0625,nan
84,77,0.00023862789415363817,0.0,nan
84,78,0.000519268702988969,0.0,nan
84,79,0.0010800405128089793,0.125,nan
84,80,0.0004831378006252159,0.0,nan
84,81,0.00061235137770304,0.0,nan
84,82,0.0012614940009452234,0.0,nan
84,83,0.0004484503972570273,0.0625,nan
84,84,0.0005245733116441315,0.0,nan
84,85,0.0004071362803776268,0.0,nan
84,86,0.0004602306842099152,0.0,nan
84,87,0.0029983831085326294,0.0625,nan
84,88,0.00025059637372542253,0.0,nan
84,89,0.00038004313713959096,0.0625,nan
84,90,0.0005260193979810929,0.0,nan
84,91,0.0005070722793338189,0.0,nan
84,92,0.0006450545537408588,0.0,nan
84,93,0.00033557390463801286,0.0,nan
84,94,0.00031881511411268893,0.0,nan
84,95,0.0005980833738187968,0.0,nan
84,96,0.000307210233794625,0.0,nan
84,97,0.0011571248917472783,0.0,nan
84,98,0.00013433477180549647,0.0,nan
84,99,0.0005257178273580271,0.0,nan
85,0,0.0005472252791152838,0.0,nan
85,1,0.0004493816780800076,0.0,nan
85,2,0.00012623459003496067,0.0,nan
85,3,0.0010944674612938783,0.0,nan
85,4,0.000661503789221357,0.0,nan
85,5,0.0012882633630128672,0.125,nan
85,6,0.0004405485464770403,0.0625,nan
85,7,0.000421062985554568,0.0,nan
85,8,0.0007843719537155724,0.0,nan
85,9,0.00019811389675688617,0.0625,nan
85,10,0.0002017983568869122,0.0,nan
85,11,0.00028422283673489225,0.0,nan
85,12,0.0005254288615700774,0.0,nan
85,13,0.00030346422994358797,0.0,nan
85,14,0.01786791922717021,0.4375,nan
85,15,0.00021372475352457695,0.0,nan
85,16,0.0162564487050875,0.375,nan
85,17,0.01899290255625246,0.5,nan
85,18,0.00015484960682229666,0.0,nan
85,19,0.00021518594866578903,0.0,nan
85,20,7.371563246993582e-05,0.0,nan
85,21,0.00010316383063913719,0.0,nan
85,22,0.0006700768617543382,0.0,nan
85,23,0.001319335504416246,0.0,nan
85,24,0.0003713999180693273,0.0,nan
85,25,0.0003453189479147873,0.0,nan
85,26,0.00024043845779742482,0.0,nan
85,27,0.00030153942803792756,0.0,nan
85,28,0.00034534928805700187,0.0,nan
85,29,0.0002961941235026487,0.0,nan
85,30,8.339706381184009e-05,0.0,nan
85,31,0.000131200677557222,0.0,nan
85,32,0.0004129916179756752,0.0,nan
85,33,0.00027794932117048766,0.0625,nan
85,34,0.0004306043200570144,0.0,nan
85,35,0.0001420549203021958,0.0,nan
85,36,0.00016280292026476064,0.0,nan
85,37,0.0003450020165120154,0.0,nan
85,38,0.0005145951695611716,0.0,nan
85,39,0.00019022591561429082,0.0,nan
85,40,0.00019737098796259795,0.0,nan
85,41,0.00027624915026980734,0.0625,nan
85,42,0.0003215423375388457,0.0,nan
85,43,0.00024541086159476824,0.0,nan
85,44,0.0003633354805114877,0.0,nan
85,45,0.0008535464445571507,0.0,nan
85,46,0.00013681071484687127,0.0,nan
85,47,0.000295080451754384,0.0,nan
85,48,0.00012189714973777466,0.0,nan
85,49,0.00012754976105708792,0.0,nan
85,50,0.0013539587866455201,0.0,nan
85,51,0.00032487532979886614,0.0,nan
85,52,0.0001837308101640874,0.0,nan
85,53,0.00015932664943577187,0.0,nan
85,54,0.00022175189316935004,0.0,nan
85,55,0.0001637911983875423,0.0,nan
85,56,0.0001752433796784798,0.0,nan
85,57,0.0001134877734826141,0.0,nan
85,58,0.00030553975917757515,0.0625,nan
85,59,0.0002735181692228863,0.0,nan
85,60,0.00019765928790911082,0.0,nan
85,61,0.00022537461164034794,0.0,nan
85,62,5.868791217548428e-05,0.0,nan
85,63,0.00012762973299482739,0.0,nan
85,64,0.0012928379305339928,0.0625,nan
85,65,0.00032400227591826544,0.0,nan
85,66,0.0005922869287679904,0.0,nan
85,67,0.00021409433559206983,0.0,nan
85,68,0.0010226443747592129,0.0,nan
85,69,0.00023265775008328226,0.0,nan
85,70,0.0004994450392659626,0.0,nan
85,71,0.00038045723192811154,0.0,nan
85,72,0.00029223559154369723,0.0,nan
85,73,0.00043509403393124135,0.0,nan
85,74,0.0004260515136989869,0.0,nan
85,75,0.0005575532831473351,0.0,nan
85,76,0.002992735738561411,0.0,nan
85,77,0.0006101949460790604,0.0,nan
85,78,0.00026185896729541923,0.0,nan
85,79,0.0016695452683207139,0.0,nan
85,80,0.00022129373786396493,0.0,nan
85,81,0.00022001289215804135,0.0,nan
85,82,5.5368345916869045e-05,0.0,nan
85,83,0.0004650988136474025,0.0,nan
85,84,0.00022873625414938074,0.0,nan
85,85,0.0003332065014227851,0.0,nan
85,86,0.00017407785595841474,0.0,nan
85,87,0.000163261209921038,0.0,nan
85,88,0.00021584456438046085,0.0,nan
85,89,0.0001817016236628055,0.0,nan
85,90,0.0003825915624234353,0.0,nan
85,91,0.0014905327301371074,0.25,nan
85,92,0.00027794516989948693,0.0,nan
85,93,0.00010392124229566317,0.0,nan
85,94,0.00035595117906091624,0.0,nan
85,95,0.0002272097874752721,0.0,nan
85,96,0.00020784624369198838,0.0,nan
85,97,0.0006883598961746769,0.0625,nan
85,98,0.00019533502247148825,0.0,nan
85,99,0.0004895192897615243,0.0,nan
86,0,0.00020901531446418058,0.0,nan
86,1,0.0002957365331125396,0.0,nan
86,2,0.000340380183699168,0.0,nan
86,3,0.0005796289520126347,0.0,nan
86,4,0.0008745615700014064,0.0,nan
86,5,0.0006680222919448407,0.0,nan
86,6,0.00031029975925290533,0.0,nan
86,7,0.0003703535119869372,0.0,nan
86,8,0.0009463392516590981,0.0,nan
86,9,0.0007802130051062545,0.0,nan
86,10,0.0005056603830732173,0.0,nan
86,11,0.0005711076953732184,0.0,nan
86,12,0.00012512467620429804,0.0,nan
86,13,0.0009016169778801758,0.0,nan
86,14,0.0005656851885388638,0.125,nan
86,15,0.0009974961324666623,0.0,nan
86,16,0.0034327957025753223,0.0625,nan
86,17,0.0004970054660845926,0.0,nan
86,18,0.00021754513142691116,0.0,nan
86,19,0.00028480081146444657,0.0,nan
86,20,0.0001518671310370492,0.0,nan
86,21,0.0006266718796131571,0.0,nan
86,22,0.0008803297760587442,0.0,nan
86,23,0.0013183234800840478,0.0,nan
86,24,0.00015780550459851066,0.0,nan
86,25,0.00043678600616245167,0.0,nan
86,26,0.006329684193211872,0.3125,nan
86,27,0.0007156925993720444,0.0,nan
86,28,0.0003914453710513222,0.0,nan
86,29,0.00028927547451319824,0.0,nan
86,30,0.0007276691706697132,0.0625,nan
86,31,0.0002501146984738645,0.0,nan
86,32,0.000257531162537327,0.0,nan
86,33,0.0005479269122122075,0.0,nan
86,34,0.001250871000154712,0.0,nan
86,35,0.000425591279069358,0.0,nan
86,36,0.0002628891939618954,0.0,nan
86,37,0.0003721129302038615,0.0,nan
86,38,0.0017539767814036525,0.0,nan
86,39,0.000306804370582438,0.0,nan
86,40,0.0007579818710807551,0.0,nan
86,41,0.00014182712406496216,0.0,nan
86,42,0.00024141954410877067,0.0,nan
86,43,0.0012000516578707446,0.0,nan
86,44,0.00039997115821871205,0.0,nan
86,45,0.0006052609263959561,0.0625,nan
86,46,0.0005117011454161886,0.0,nan
86,47,0.000616474788488699,0.0,nan
86,48,0.0002591665810984681,0.0,nan
86,49,0.002681270013603224,0.25,nan
86,50,0.0002834520580138882,0.0,nan
86,51,0.0009122922737266348,0.0,nan
86,52,0.00033815659034447073,0.0,nan
86,53,0.00020832673767308245,0.0,nan
86,54,0.00035639234156512403,0.0,nan
86,55,0.00015746657091108895,0.0,nan
86,56,0.00043035298112366544,0.0625,nan
86,57,0.0008459080510690904,0.0,nan
86,58,0.00028866774131821265,0.0,nan
86,59,0.0007571010761739418,0.0,nan
86,60,0.0001945274677046556,0.0,nan
86,61,0.00035893567816089745,0.0,nan
86,62,0.00037857462374980757,0.0,nan
86,63,0.0013279998802248113,0.0,nan
86,64,0.0002745823812480367,0.0,nan
86,65,0.006387737319677768,0.25,nan
86,66,0.0005792796859014401,0.0,nan
86,67,0.000223086402969592,0.0,nan
86,68,0.00038413711712116433,0.0,nan
86,69,0.0003431612768219417,0.0,nan
86,70,0.0002960119872764283,0.0,nan
86,71,0.00011409101622820395,0.0,nan
86,72,0.0002445854787334027,0.0,nan
86,73,0.0004654663659241238,0.0,nan
86,74,0.00016257455770996495,0.0,nan
86,75,0.0006732691837573015,0.0625,nan
86,76,0.0008631400701454952,0.0625,nan
86,77,0.0003701720032588747,0.0,nan
86,78,0.0003173611391935025,0.0,nan
86,79,0.00032178245798862896,0.0625,nan
86,80,0.0002880577885633895,0.0,nan
86,81,0.00042861439237186364,0.0,nan
86,82,0.0013492660153619066,0.0625,nan
86,83,0.002499674097331445,0.0,nan
86,84,0.0008099806431607081,0.0,nan
86,85,0.0002558602380550545,0.0,nan
86,86,0.0002566828625847938,0.0,nan
86,87,0.0009466681974868877,0.0,nan
86,88,0.0003701472186880047,0.0,nan
86,89,0.00030835672864791476,0.0,nan
86,90,0.0007097932783824078,0.125,nan
86,91,0.00020444565572002492,0.0,nan
86,92,0.0006703400361543427,0.0,nan
86,93,0.00039698334760244537,0.0,nan
86,94,0.00013981283066824055,0.0,nan
86,95,0.00027443388138766373,0.0,nan
86,96,0.00032582244220907776,0.0,nan
86,97,0.01160225187566814,0.4375,nan
86,98,0.0006749438210185692,0.0,nan
86,99,0.0005038470194747254,0.0,nan
87,0,0.00022247702404028336,0.0,nan
87,1,0.00011229702235160853,0.0,nan
87,2,0.00030580322520342687,0.0,nan
87,3,0.00016505105258216458,0.0,nan
87,4,0.00022871757724958556,0.0,nan
87,5,0.00048579878354306193,0.0,nan
87,6,0.00019373066092366002,0.0,nan
87,7,0.0002359667716085627,0.0,nan
87,8,0.016576449953130103,0.4375,nan
87,9,0.0009226327913634735,0.375,nan
87,10,0.0002598001631812281,0.0,nan
87,11,0.00033873882397101663,0.0,nan
87,12,0.0001036318750914174,0.0,nan
87,13,0.00018324245660499496,0.0,nan
87,14,0.0002620437676843641,0.0,nan
87,15,0.000725729010731664,0.0,nan
87,16,0.012705532586793895,0.25,nan
87,17,0.0001547921180733818,0.0,nan
87,18,5.423721049191096e-05,0.0,nan
87,19,0.00038941926751834017,0.0,nan
87,20,0.00011871750900557359,0.0,nan
87,21,0.00021071699578768463,0.0,nan
87,22,4.092393640877882e-05,0.0,nan
87,23,0.0015049812885785745,0.125,nan
87,24,0.00018257226713424768,0.0,nan
87,25,0.00020733044656765485,0.0,nan
87,26,8.038515833664894e-05,0.0,nan
87,27,0.0001349517833005209,0.0,nan
87,28,7.770055246983128e-05,0.0,nan
87,29,0.00015825629581998934,0.0,nan
87,30,0.00030762975514491174,0.0,nan
87,31,0.00014420235900763982,0.0,nan
87,32,0.00021544657667632518,0.0,nan
87,33,0.0008105666616751763,0.0,nan
87,34,0.00021043715197286908,0.0,nan
87,35,0.00020603283142879046,0.0,nan
87,36,6.521178557788868e-05,0.0,nan
87,37,0.00011498828283590066,0.0,nan
87,38,0.006734651159291498,0.375,nan
87,39,0.0002504101464655918,0.0,nan
87,40,0.0001340500067004017,0.0,nan
87,41,0.00011680058029543914,0.0,nan
87,42,0.000232453425291258,0.0,nan
87,43,9.767908101786365e-05,0.0,nan
87,44,0.000484319547647969,0.0,nan
87,45,5.7110142472696334e-05,0.0,nan
87,46,5.6979493333102394e-05,0.0,nan
87,47,0.00020161656061559285,0.0,nan
87,48,0.00023222701566309685,0.0,nan
87,49,6.906841283391078e-05,0.0,nan
87,50,5.275710028741491e-05,0.0,nan
87,51,0.0004316702960347284,0.0,nan
87,52,5.695681252860342e-05,0.0,nan
87,53,0.00031621646207483317,0.0,nan
87,54,0.00013341154746740764,0.0,nan
87,55,0.00014188732546970858,0.0,nan
87,56,7.185016780715502e-05,0.0,nan
87,57,0.00017440584521624984,0.0,nan
87,58,0.0011958814706510593,0.125,nan
87,59,0.0001566202589587692,0.0,nan
87,60,0.0002143142513512379,0.0,nan
87,61,0.0015843562028507378,0.0,nan
87,62,0.00016267454887904697,0.0,nan
87,63,0.00036343304995834386,0.0,nan
87,64,0.0023442655188749104,0.25,nan
87,65,0.00019263173547782905,0.0,nan
87,66,0.00011484671031766535,0.0,nan
87,67,0.0001574534260600629,0.0,nan
87,68,0.0003518385910104578,0.125,nan
87,69,0.00033796091431467583,0.0,nan
87,70,0.00034020662463636934,0.0,nan
87,71,0.00026566990108473087,0.0,nan
87,72,0.00023619992040351185,0.0,nan
87,73,0.0016907629307615626,0.0625,nan
87,74,0.00020386020819190115,0.0,nan
87,75,0.0008899603761614654,0.25,nan
87,76,6.814275871496539e-05,0.0,nan
87,77,0.0001780011193398286,0.0,nan
87,78,0.00012012971323728003,0.0,nan
87,79,0.000551573183461951,0.0,nan
87,80,0.00010685170970434606,0.0,nan
87,81,0.0002645259869816697,0.0,nan
87,82,0.00025636729425481265,0.0,nan
87,83,0.00020247413265127404,0.0,nan
87,84,0.0001981265185830764,0.0,nan
87,85,0.0002504094665164863,0.0,nan
87,86,9.021912573913002e-05,0.0,nan
87,87,0.00028690534265975106,0.0,nan
87,88,0.00018986085416591977,0.0,nan
87,89,0.00017222663161999143,0.0,nan
87,90,0.0002614674364319354,0.0,nan
87,91,0.0005170808269110525,0.0,nan
87,92,0.00029552613323310223,0.0,nan
87,93,0.00017987084446663778,0.0,nan
87,94,0.00026766897724972736,0.0,nan
87,95,0.0002036219426154577,0.0,nan
87,96,0.0002488863024668771,0.0,nan
87,97,0.0007915572435833074,0.0625,nan
87,98,0.00013839446202270012,0.0,nan
87,99,0.0002379544570181414,0.0,nan
88,0,3.322792809120476e-05,0.0,nan
88,1,5.5690835745849306e-05,0.0,nan
88,2,0.0003205200122154635,0.0,nan
88,3,0.0001708298597866445,0.0,nan
88,4,0.00035453426906907485,0.25,nan
88,5,0.00038823267136332476,0.0,nan
88,6,0.0005424900098867562,0.0,nan
88,7,0.00012725071210010938,0.0,nan
88,8,0.00025198754743851467,0.0,nan
88,9,0.00019464892558451768,0.0625,nan
88,10,0.00017267401324563912,0.0,nan
88,11,0.0001314044615083092,0.0,nan
88,12,0.00012361697190463124,0.0,nan
88,13,0.00016136942687971112,0.0,nan
88,14,0.002939429534628529,0.125,nan
88,15,0.0036191092910704157,0.1875,nan
88,16,0.008332270343568083,0.125,nan
88,17,0.0024840922444592925,0.3125,nan
88,18,0.00011800610122849781,0.0,nan
88,19,8.564801201318094e-05,0.0,nan
88,20,6.297128926708394e-05,0.0,nan
88,21,0.00016841946893199973,0.0,nan
88,22,0.00027842817156942457,0.0,nan
88,23,8.468350488474117e-05,0.0,nan
88,24,0.0002668552313318742,0.0,nan
88,25,0.0003557030839643928,0.0,nan
88,26,0.00023446800885705777,0.0,nan
88,27,0.0007432185886372011,0.0,nan
88,28,0.00018043559675201667,0.0,nan
88,29,7.837251805138226e-05,0.0,nan
88,30,0.0004097033788390949,0.0625,nan
88,31,0.0001419250919384978,0.0,nan
88,32,0.0003309560930584987,0.0,nan
88,33,0.0008391133610486406,0.25,nan
88,34,0.00023772747741758273,0.0,nan
88,35,0.00022299151058924574,0.0,nan
88,36,0.006864094724463723,0.3125,nan
88,37,0.0001296076168319023,0.0,nan
88,38,0.00042380536331062505,0.0,nan
88,39,0.00012610073646470132,0.0,nan
88,40,0.00025278734246976845,0.0,nan
88,41,0.00017808972207890688,0.0,nan
88,42,0.000258172147374287,0.0,nan
88,43,0.0002150711682140284,0.0,nan
88,44,7.059203523073581e-05,0.0,nan
88,45,0.00023909957488768143,0.0,nan
88,46,7.120092551203195e-06,0.0,nan
88,47,0.00036913938662899975,0.0,nan
88,48,0.00026734212090919374,0.0,nan
88,49,0.00030517018793145903,0.0,nan
88,50,0.00022108802077879623,0.0,nan
88,51,0.0001603071338387425,0.0,nan
88,52,0.0002669760688747847,0.0,nan
88,53,0.0002765032648061761,0.0,nan
88,54,0.00020598095199080322,0.0,nan
88,55,0.0003020557356838197,0.0,nan
88,56,0.0001392822292121775,0.0,nan
88,57,0.00010740106961463269,0.0,nan
88,58,5.84700622930303e-05,0.0,nan
88,59,6.542450023137916e-05,0.0,nan
88,60,6.821613201027048e-05,0.0,nan
88,61,0.0002672771395266524,0.0,nan
88,62,0.00016024988855971008,0.0,nan
88,63,0.00021237279950710452,0.0,nan
88,64,0.0002564870105761677,0.0,nan
88,65,0.0002767573844084508,0.0,nan
88,66,0.0003040580079009195,0.0,nan
88,67,0.0003930930991473174,0.0,nan
88,68,0.0004322135054100863,0.0,nan
88,69,0.00030853156038991385,0.0625,nan
88,70,0.00019339934251097005,0.0625,nan
88,71,0.00012865659717681938,0.0,nan
88,72,0.00028728170137681927,0.0,nan
88,73,0.0010584620500042195,0.25,nan
88,74,0.00021526324091166628,0.0,nan
88,75,0.04833405560240618,0.5625,nan
88,76,0.0009295123342521027,0.0625,nan
88,77,0.0003122102378655745,0.0,nan
88,78,0.0002493151831198375,0.0,nan
88,79,0.00027865998686397,0.0625,nan
88,80,0.00023580982943996974,0.0,nan
88,81,0.00022020468804769328,0.0,nan
88,82,0.00016898731454242482,0.0,nan
88,83,0.0001575481090382846,0.0,nan
88,84,0.0007573493769732042,0.0,nan
88,85,0.00015394258825189472,0.0,nan
88,86,0.00018194585086289428,0.0,nan
88,87,0.00031770642016954245,0.0,nan
88,88,0.00018050548473764645,0.0,nan
88,89,0.0002045296249691157,0.0,nan
88,90,0.00034421508137033976,0.0,nan
88,91,0.0002998965236955337,0.0,nan
88,92,0.0003574203487209927,0.0,nan
88,93,0.0002669706441334316,0.0,nan
88,94,0.0001872108585926698,0.0,nan
88,95,0.00013684593812782853,0.0,nan
88,96,9.064746847467476e-05,0.0,nan
88,97,0.00021611706398368425,0.0625,nan
88,98,0.00045344057484050077,0.0,nan
88,99,0.00030592844820433033,0.0,nan
89,0,0.000186871655308856,0.0,nan
89,1,0.00021221825313668449,0.0,nan
89,2,0.0001511582792591913,0.0,nan
89,3,0.00019749819785547815,0.0,nan
89,4,0.0020526899838339808,0.0625,nan
89,5,0.0007804233399814162,0.25,nan
89,6,0.00020492297789540188,0.0,nan
89,7,0.00030504303880108654,0.0,nan
89,8,0.005690995178431196,0.0625,nan
89,9,7.238805758282894e-05,0.0,nan
89,10,0.0002660649877391847,0.0,nan
89,11,9.889888140681639e-05,0.0,nan
89,12,0.00012361817725114286,0.0,nan
89,13,0.00020467626110771083,0.0,nan
89,14,0.0061551178313926265,0.125,nan
89,15,0.09737907006071314,0.875,nan
89,16,0.01688744438725192,0.375,nan
89,17,0.00037329354544676297,0.0,nan
89,18,6.347795175034855e-05,0.0,nan
89,19,0.00018868877689073407,0.0,nan
89,20,0.00015710677618385537,0.0,nan
89,21,0.00016429767340158253,0.0,nan
89,22,0.0004778941541143657,0.125,nan
89,23,0.0001447510989971245,0.0,nan
89,24,0.00022488339122048127,0.0,nan
89,25,0.00043998275647447307,0.0,nan
89,26,0.00013891691016393342,0.0,nan
89,27,0.00015063779371307035,0.0,nan
89,28,0.00018653361657171687,0.0,nan
89,29,0.00010195650956990547,0.0,nan
89,30,0.000164450564846952,0.0,nan
89,31,0.00013750085684620638,0.0,nan
89,32,0.0002553898757857259,0.0,nan
89,33,0.00034320170109996087,0.0,nan
89,34,0.00017832860207874995,0.0,nan
89,35,0.00011076039073356457,0.0,nan
89,36,0.0004823689113145126,0.0,nan
89,37,5.432853256496206e-05,0.0,nan
89,38,0.0005864808965072086,0.0625,nan
89,39,0.00011089308080477992,0.0,nan
89,40,0.0002692564852662317,0.0,nan
89,41,1.3022492456124172e-05,0.0,nan
89,42,9.488638823910131e-05,0.0,nan
89,43,0.0001875326827414291,0.0,nan
89,44,0.00034110534128427246,0.0,nan
89,45,0.0008935929062595502,0.25,nan
89,46,9.164145922393056e-05,0.0,nan
89,47,0.001979828285338562,0.125,nan
89,48,0.0002487311452358694,0.0,nan
89,49,0.00020202157720754875,0.0,nan
89,50,9.059174257001123e-05,0.0,nan
89,51,0.00014394508254451322,0.0,nan
89,52,0.00019126663694970093,0.0,nan
89,53,4.7673387475475603e-05,0.0,nan
89,54,0.00015153812730627457,0.0,nan
89,55,0.0001704251981336207,0.0,nan
89,56,0.0001639635427818435,0.0,nan
89,57,0.00013551469533379428,0.0,nan
89,58,0.000285129945105697,0.0625,nan
89,59,0.00022618031918893866,0.0,nan
89,60,0.00020982477983588792,0.0,nan
89,61,0.0007249937883833061,0.0,nan
89,62,0.0001983116169940893,0.0,nan
89,63,0.00032250621921491447,0.0,nan
89,64,9.804679475940952e-05,0.0,nan
89,65,0.00014419041419272207,0.0,nan
89,66,0.00034113046982747676,0.0,nan
89,67,0.00015930049424488967,0.0,nan
89,68,0.00033977855933422325,0.0,nan
89,69,0.00022356051255487835,0.0,nan
89,70,0.0002299705888388386,0.0,nan
89,71,0.00022461658326592814,0.0,nan
89,72,0.00015882449254371356,0.0,nan
89,73,0.00028817496451150775,0.0,nan
89,74,0.00010326271501998388,0.0,nan
89,75,0.0001803899205198633,0.0,nan
89,76,0.0008952531826404027,0.0,nan
89,77,0.0007243960714027552,0.0,nan
89,78,0.00011942632813685743,0.0,nan
89,79,0.00011015490857607653,0.0,nan
89,80,0.00010235786226813731,0.0,nan
89,81,0.00027927802717524637,0.0,nan
89,82,0.00022515582885816637,0.0,nan
89,83,0.0001314573335300166,0.0,nan
89,84,0.000287231502229712,0.0,nan
89,85,0.00017489471423253627,0.0,nan
89,86,6.1034696583119486e-05,0.0,nan
89,87,0.0001536625680264701,0.0,nan
89,88,0.00020016722362078683,0.0,nan
89,89,0.00019934164733153876,0.0,nan
89,90,0.00012039339710705755,0.0,nan
89,91,0.0005155419653197533,0.0,nan
89,92,0.00030808089240764406,0.0,nan
89,93,0.00031757039587540796,0.0,nan
89,94,3.4761319671056554e-05,0.0,nan
89,95,0.0001908271399922203,0.0,nan
89,96,0.00010531503168659145,0.0,nan
89,97,0.0001682993583658721,0.0,nan
89,98,0.0002908302848713704,0.0,nan
89,99,0.0004646483176659644,0.0625,nan
90,0,0.0002783571712679387,0.0,nan
90,1,0.00024775168326038376,0.0,nan
90,2,0.00010320362801894128,0.0,nan
90,3,0.0009144487928755983,0.0,nan
90,4,0.00021997327177912326,0.0,nan
90,5,0.0010423332810632958,0.125,nan
90,6,0.00024312304882350387,0.0,nan
90,7,0.00016104319037049173,0.0,nan
90,8,0.007159204301195729,0.125,nan
90,9,0.0009345909326936442,0.125,nan
90,10,0.00010199121665698011,0.0,nan
90,11,0.0005611808119678526,0.0,nan
90,12,0.0001227226615256164,0.0,nan
90,13,0.00014496395227045044,0.0,nan
90,14,0.0012422294277790805,0.25,nan
90,15,0.00091113719631729,0.0,nan
90,16,0.016244558512733827,0.375,nan
90,17,0.00024147762232380876,0.0,nan
90,18,0.00035866150995721526,0.0,nan
90,19,0.00022923717905105428,0.0,nan
90,20,0.00015252178859107333,0.0,nan
90,21,0.00020520508776118685,0.0,nan
90,22,0.00033638498550010644,0.0625,nan
90,23,0.00043119241159425564,0.0,nan
90,24,0.00024073446414925662,0.0,nan
90,25,3.077258242619627e-05,0.0,nan
90,26,0.00010419005025147615,0.0,nan
90,27,0.00030092669656767894,0.0,nan
90,28,7.795070119632015e-05,0.0,nan
90,29,0.00019042874820780398,0.0,nan
90,30,0.000582598722045955,0.0,nan
90,31,0.00021506992495111998,0.0,nan
90,32,0.0002978073321450716,0.0,nan
90,33,0.0004035004940755668,0.0,nan
90,34,0.0006863528229821261,0.0625,nan
90,35,0.00026493559649217114,0.0,nan
90,36,0.00021215293937200473,0.0,nan
90,37,0.0004980585310877584,0.0,nan
90,38,0.0003056890545527933,0.0,nan
90,39,0.00018625770913760313,0.0,nan
90,40,0.00013881735879053616,0.0,nan
90,41,6.097897292396866e-05,0.0,nan
90,42,0.0001409020575104942,0.0,nan
90,43,0.0008052542002247088,0.125,nan
90,44,0.00019935864511575244,0.0,nan
90,45,0.0003097959210436405,0.0,nan
90,46,0.00032897254097235813,0.0,nan
90,47,0.00032914360824805463,0.0,nan
90,48,0.00012334990438028575,0.0,nan
90,49,0.00020487293007100105,0.0,nan
90,50,0.00022126412994065287,0.0,nan
90,51,0.00047791850547446705,0.0,nan
90,52,0.0002070575348629942,0.0,nan
90,53,0.000393077343400655,0.0,nan
90,54,0.0003046261084799773,0.0,nan
90,55,0.00018351096437362285,0.0,nan
90,56,0.0002011493738847346,0.0,nan
90,57,0.0002083491006198197,0.0,nan
90,58,0.00031096696623097856,0.0,nan
90,59,0.00016985720316690852,0.0,nan
90,60,0.00011233963053970382,0.0,nan
90,61,0.004950288621212367,0.3125,nan
90,62,0.0002476683661336244,0.0,nan
90,63,0.0002793027576333171,0.0,nan
90,64,0.00014660229326770533,0.0,nan
90,65,0.0004876583799348031,0.0,nan
90,66,0.0004894664471478638,0.0,nan
90,67,0.00016428819010284835,0.0,nan
90,68,0.00034544445442948784,0.0,nan
90,69,0.00026787459980573034,0.0,nan
90,70,7.999668421158058e-05,0.0,nan
90,71,0.00037582262392785534,0.0,nan
90,72,0.00017741450302982508,0.0,nan
90,73,0.0002530778892983169,0.0,nan
90,74,0.0006299669733831097,0.0,nan
90,75,0.004059516890796124,0.4375,nan
90,76,0.0005307051302296536,0.0,nan
90,77,0.00025727964483486347,0.0,nan
90,78,7.428251875467152e-05,0.0,nan
90,79,0.0002655703767885564,0.0,nan
90,80,0.0001728814452717953,0.0,nan
90,81,9.830194937196436e-05,0.0,nan
90,82,0.0003849889964977973,0.0,nan
90,83,0.0002798371518065723,0.0,nan
90,84,0.0005606520926137937,0.0,nan
90,85,0.00022344199021859983,0.0,nan
90,86,3.984510335018332e-05,0.0,nan
90,87,0.0002926545407862124,0.0625,nan
90,88,0.00019233133107750277,0.0,nan
90,89,0.00011359545292995239,0.0,nan
90,90,0.0003325051523989033,0.0,nan
90,91,4.3800750801343305e-05,0.0,nan
90,92,0.0002837829458894386,0.0,nan
90,93,0.00013219753807347176,0.0,nan
90,94,0.0002914979576939614,0.0,nan
90,95,0.0001506533993726002,0.0,nan
90,96,0.00037118434815342394,0.0,nan
90,97,0.0003678022728214627,0.0,nan
90,98,0.00027665420842247143,0.0,nan
90,99,0.0002643803618853216,0.0625,nan
91,0,0.0006397655066368241,0.0,nan
91,1,0.000128545071349144,0.0,nan
91,2,0.00021907824240861607,0.0,nan
91,3,0.001430245620656774,0.0,nan
91,4,0.0013582060851335357,0.0,nan
91,5,0.0006129985937637266,0.0,nan
91,6,0.00022811880833204168,0.0,nan
91,7,0.0003180310449576191,0.0,nan
91,8,0.0017435096058360895,0.0625,nan
91,9,0.0010539130080931295,0.0,nan
91,10,0.00032550285419292736,0.0,nan
91,11,0.00024840017525834947,0.0,nan
91,12,0.0003148643238319824,0.0,nan
91,13,0.0008987060576469292,0.0,nan
91,14,0.0002532121983778358,0.0,nan
91,15,0.000737023501659319,0.0,nan
91,16,0.02704711302091315,0.75,nan
91,17,0.0019137575031254856,0.0625,nan
91,18,0.0004986244403054808,0.0,nan
91,19,7.486114645135767e-05,0.0,nan
91,20,7.56891595870489e-05,0.0,nan
91,21,0.000684153208327136,0.0,nan
91,22,0.00509467660506859,0.1875,nan
91,23,0.00031641754069512847,0.0,nan
91,24,0.00012871470568504858,0.0,nan
91,25,0.0004152821474945139,0.0,nan
91,26,0.00023670339332798975,0.0,nan
91,27,0.0008090946495602757,0.0,nan
91,28,0.00023533817390911582,0.0,nan
91,29,0.0003052592256637247,0.0,nan
91,30,0.0013578159255331862,0.0,nan
91,31,0.0002203585505830029,0.0,nan
91,32,0.000326118466360694,0.0,nan
91,33,0.0003777025935816073,0.0,nan
91,34,0.0005615633926761582,0.0,nan
91,35,0.00038911660976328924,0.0,nan
91,36,0.00020511932904898812,0.0,nan
91,37,0.0001816819303300157,0.0,nan
91,38,0.0008113061229626071,0.0,nan
91,39,0.0005507035944417683,0.0,nan
91,40,0.00029617960510210854,0.0,nan
91,41,0.00023087699675366325,0.0,nan
91,42,0.0002887601947410242,0.0,nan
91,43,0.0003704211946938417,0.0,nan
91,44,0.0007097968359968422,0.0,nan
91,45,0.03308803383469108,0.5625,nan
91,46,0.0002677261171091558,0.0,nan
91,47,0.01304463270991418,0.4375,nan
91,48,0.0001718516632993213,0.0,nan
91,49,0.0005387534547666745,0.0,nan
91,50,0.0004635994759099701,0.0,nan
91,51,0.00019111107010324433,0.0,nan
91,52,0.0003950314020602742,0.0,nan
91,53,0.00015468652160005657,0.0,nan
91,54,0.00032571408355769777,0.0,nan
91,55,0.00030251406316474723,0.0,nan
91,56,0.00017086272117315963,0.0,nan
91,57,0.00033541030221934413,0.0,nan
91,58,0.0002447851355519235,0.0,nan
91,59,0.00013279646185828517,0.0,nan
91,60,0.00035034134735293515,0.0,nan
91,61,0.0011863718614279033,0.125,nan
91,62,0.00018068976695064144,0.0,nan
91,63,0.0011743857043369499,0.0,nan
91,64,0.000977561593418871,0.0,nan
91,65,0.0003770138169616804,0.0,nan
91,66,0.0007894517730962543,0.0,nan
91,67,0.0003434519480764646,0.0,nan
91,68,0.0003979864726480304,0.0,nan
91,69,0.0003802321117784401,0.0,nan
91,70,0.0002538116876560065,0.0,nan
91,71,0.00021351966017975745,0.0,nan
91,72,0.001264488610642124,0.0,nan
91,73,0.0009122924959964585,0.0625,nan
91,74,0.00039010993904931,0.0,nan
91,75,0.0003288273432335756,0.0,nan
91,76,0.0036455452536193504,0.125,nan
91,77,0.0005519435582104512,0.0,nan
91,78,0.0001552258298679474,0.0,nan
91,79,0.0005631439239016317,0.0,nan
91,80,0.0002903423821105991,0.0,nan
91,81,0.00033252652117858394,0.0,nan
91,82,0.0004987622081462494,0.0,nan
91,83,0.0005274344672494011,0.0,nan
91,84,0.000312743643214146,0.0,nan
91,85,0.000424057581092061,0.0625,nan
91,86,0.0015186880323977794,0.0,nan
91,87,0.00018711501216691378,0.0,nan
91,88,8.647210371787157e-05,0.0,nan
91,89,0.000716904709351737,0.0,nan
91,90,0.0004412563037075695,0.0,nan
91,91,0.001128546781680625,0.25,nan
91,92,0.0004627122645077453,0.0,nan
91,93,0.0005602398394149275,0.0,nan
91,94,0.00035559776483484317,0.0,nan
91,95,0.0001928385457717236,0.0,nan
91,96,0.00012247986261361296,0.0,nan
91,97,0.0003739263171074628,0.0,nan
91,98,0.00027453214691997957,0.0,nan
91,99,0.0005214281229590636,0.0,nan
92,0,0.0005440614643678317,0.0,nan
92,1,0.0003676317523863808,0.0,nan
92,2,0.00042140037123342513,0.0,nan
92,3,0.00024521096957626356,0.0,nan
92,4,0.0007753083562725997,0.0,nan
92,5,0.00200398862368179,0.0,nan
92,6,0.000781967218368952,0.0,nan
92,7,0.00025881094762234707,0.0,nan
92,8,0.0029173558915677827,0.0625,nan
92,9,0.0006082111657171533,0.0625,nan
92,10,0.0005994635469401947,0.0,nan
92,11,7.373865284143546e-05,0.0,nan
92,12,0.000273318294794408,0.0,nan
92,13,0.0003252024733733436,0.0,nan
92,14,0.00297091222786062,0.0625,nan
92,15,0.0016111237414730955,0.1875,nan
92,16,0.00913194226269193,0.0625,nan
92,17,0.0005006081926461718,0.0,nan
92,18,0.00022659727382229276,0.0,nan
92,19,0.00025767006240802226,0.0,nan
92,20,0.00013635784749858583,0.0,nan
92,21,0.0004936889020895005,0.0,nan
92,22,0.0016660169865968075,0.0,nan
92,23,0.00030816043572961795,0.0,nan
92,24,0.0005614163375427196,0.0,nan
92,25,0.0004935286687033694,0.0,nan
92,26,0.0004183775079794948,0.0,nan
92,27,0.0014351232120773114,0.0,nan
92,28,0.0003504196334198538,0.0,nan
92,29,0.00032439679275705023,0.0,nan
92,30,0.0005904133972137121,0.0,nan
92,31,0.00036394947806182615,0.0,nan
92,32,0.0014456813381260975,0.125,nan
92,33,0.0002770888355891884,0.0,nan
92,34,0.000268795634682353,0.0,nan
92,35,0.0001940641785743125,0.0,nan
92,36,0.0005082830801984106,0.0,nan
92,37,0.0004132477762052051,0.0,nan
92,38,0.00029817488267071273,0.0,nan
92,39,0.00035369885625003957,0.0,nan
92,40,0.0008371586043917918,0.0,nan
92,41,0.0003142884485326106,0.0,nan
92,42,0.0003972827002722483,0.0,nan
92,43,0.0005122885061756637,0.0,nan
92,44,0.00027685121904007123,0.0,nan
92,45,0.0009883679950019742,0.0,nan
92,46,0.0005078995068569042,0.0,nan
92,47,0.000512596312946557,0.0,nan
92,48,0.00034253522528739837,0.0,nan
92,49,0.0003513776936948369,0.0,nan
92,50,0.0001982864768012611,0.0,nan
92,51,0.0005577424766185158,0.0,nan
92,52,0.00020459758578566335,0.0,nan
92,53,0.0002676104028082424,0.0,nan
92,54,0.0007227037644710408,0.0,nan
92,55,0.0001255134179319386,0.0,nan
92,56,0.0003654124895872217,0.0,nan
92,57,0.0006823681281063158,0.0,nan
92,58,0.00023996074759927882,0.0,nan
92,59,0.0002432974524573463,0.0,nan
92,60,0.0004587109415773369,0.0,nan
92,61,0.00035222352301409094,0.0,nan
92,62,0.0004613617347955236,0.0,nan
92,63,0.00044912196168997627,0.0,nan
92,64,0.002352590705030451,0.0625,nan
92,65,0.0005866893119845836,0.0,nan
92,66,0.00020940061559480006,0.0,nan
92,67,0.0005843898912301411,0.0,nan
92,68,0.0005339724712732008,0.0625,nan
92,69,0.00022890590858863348,0.0,nan
92,70,0.000258427747015102,0.0,nan
92,71,0.000718219466985895,0.0,nan
92,72,0.0004055499212504983,0.0,nan
92,73,0.0015889980023402936,0.0,nan
92,74,0.0003201745844668356,0.0,nan
92,75,0.00046762735258126526,0.0,nan
92,76,0.009560920771543129,0.3125,nan
92,77,0.00044317057346596775,0.0,nan
92,78,0.0009187570828170036,0.0625,nan
92,79,0.00043784670068378496,0.0,nan
92,80,0.00047594775641035287,0.0,nan
92,81,0.0002102070838802988,0.0,nan
92,82,0.0006698044667674747,0.0,nan
92,83,0.0008702047897607865,0.0,nan
92,84,0.0007545637644139126,0.0,nan
92,85,0.0012637931708418208,0.125,nan
92,86,0.0008317296584279706,0.0625,nan
92,87,0.0006552737079708879,0.0,nan
92,88,0.0003188032594089533,0.0,nan
92,89,0.0003038803924426452,0.0625,nan
92,90,0.0005005183209560014,0.0,nan
92,91,0.02090066194033998,0.5,nan
92,92,0.00035350209379351143,0.0,nan
92,93,0.0006620316054660716,0.0,nan
92,94,0.0007675200167463108,0.0,nan
92,95,0.0005238574679255004,0.0,nan
92,96,0.00031587945697040924,0.0,nan
92,97,0.00031858395175583104,0.0,nan
92,98,0.0005871496418937683,0.0,nan
92,99,0.00039034690270301056,0.0,nan
93,0,0.000626494091420867,0.0,nan
93,1,0.0007146877035529514,0.0,nan
93,2,0.00015723083839992307,0.0,nan
93,3,0.00020086124596838248,0.0,nan
93,4,0.0015896838356808806,0.125,nan
93,5,0.0005978206281365038,0.0,nan
93,6,6.229786465101092e-05,0.0,nan
93,7,0.0002642446060410788,0.0,nan
93,8,0.0005278171646073197,0.0,nan
93,9,0.0007504890617737337,0.0625,nan
93,10,0.0003073703422002674,0.0,nan
93,11,0.00014984070897948687,0.0,nan
93,12,0.00019394683390287513,0.0,nan
93,13,0.0007637586104250937,0.0,nan
93,14,0.00020119024250646078,0.0,nan
93,15,0.0016745659100619098,0.1875,nan
93,16,0.008591492330040902,0.0625,nan
93,17,0.000857040638779792,0.125,nan
93,18,4.7860898540259944e-05,0.0,nan
93,19,0.0004157786452147084,0.0,nan
93,20,0.0002403730510682739,0.0,nan
93,21,0.0004896589880027774,0.0,nan
93,22,0.0007214782208703121,0.0,nan
93,23,0.00018032731654906456,0.0,nan
93,24,0.0005112310227462242,0.0,nan
93,25,0.0006317281150566073,0.0,nan
93,26,0.000734249973783598,0.0,nan
93,27,0.0005968347010641916,0.0,nan
93,28,0.0002784521107512208,0.0,nan
93,29,0.00019207382680889518,0.0,nan
93,30,0.00016964946709321148,0.0,nan
93,31,0.00033340109633652864,0.0,nan
93,32,0.0006024304816292582,0.0,nan
93,33,0.00038596372265024457,0.0,nan
93,34,0.0001992815692265635,0.0,nan
93,35,0.00044403170518608715,0.0,nan
93,36,0.003913566011428777,0.0625,nan
93,37,9.679619807522793e-05,0.0,nan
93,38,0.0013778630649636592,0.0625,nan
93,39,7.833571450053986e-05,0.0,nan
93,40,0.00032543241417729734,0.0,nan
93,41,0.0002566342021623898,0.0,nan
93,42,0.0004895652787672875,0.0,nan
93,43,0.0004199275431162598,0.125,nan
93,44,0.0015528907027381265,0.0,nan
93,45,0.0017595552169794833,0.0625,nan
93,46,0.0002449323420462905,0.0,nan
93,47,0.00032435643635808555,0.0,nan
93,48,0.0005945342468717172,0.0,nan
93,49,0.00010488449257266451,0.0,nan
93,50,0.00044673515264995027,0.0,nan
93,51,0.005043426425618746,0.1875,nan
93,52,0.00035462870594462834,0.0,nan
93,53,0.0003030819186695474,0.0,nan
93,54,0.00016139065262499931,0.0,nan
93,55,0.0004014322353553081,0.0,nan
93,56,0.0006167264489917582,0.0,nan
93,57,8.675198980335764e-05,0.0,nan
93,58,0.0002446817433198039,0.0625,nan
93,59,0.00035787448514651736,0.0,nan
93,60,0.00031341597263761665,0.0,nan
93,61,0.00030409167284668455,0.0,nan
93,62,0.00039505934016213524,0.0,nan
93,63,0.00038084909607356604,0.0,nan
93,64,0.00046192467554520425,0.0,nan
93,65,0.00014288282985298743,0.0,nan
93,66,0.00013933773243018574,0.0,nan
93,67,0.0011796660050813498,0.0,nan
93,68,0.0004321836999885099,0.0,nan
93,69,0.000341148780406281,0.0,nan
93,70,0.00011581896680067737,0.0,nan
93,71,0.00018686052284024165,0.0,nan
93,72,0.00033285551179860167,0.0,nan
93,73,0.00044226235580498326,0.0,nan
93,74,0.0014010686702424723,0.0,nan
93,75,0.00029597796152317185,0.25,nan
93,76,0.0013317741695917657,0.125,nan
93,77,0.00036298771966263775,0.0,nan
93,78,0.00018299014494761398,0.0,nan
93,79,0.0006381720371901435,0.0,nan
93,80,0.0005718666923375511,0.0,nan
93,81,0.0003307626615488156,0.0,nan
93,82,0.0003569565198200125,0.0,nan
93,83,0.0003666625820104417,0.0,nan
93,84,0.0005566777656268732,0.0,nan
93,85,0.0003006055762983604,0.0,nan
93,86,0.00023178601718927967,0.0,nan
93,87,0.0007717931246466597,0.0,nan
93,88,0.0003143872162858437,0.0,nan
93,89,0.0002677883690292442,0.0,nan
93,90,0.0012160142445017974,0.0,nan
93,91,0.00029022622851233024,0.125,nan
93,92,0.0005769515189136527,0.0,nan
93,93,6.810136430112509e-05,0.0,nan
93,94,0.0005897091253442527,0.0,nan
93,95,0.00042036337825937124,0.0,nan
93,96,0.001985412204537511,0.0,nan
93,97,0.0003825070463723004,0.0,nan
93,98,0.00013827285730023064,0.0,nan
93,99,0.0004987533527404007,0.0,nan
94,0,0.00018982259632810847,0.0,nan
94,1,0.0002712917122100235,0.0,nan
94,2,0.00010514801537370046,0.0,nan
94,3,0.0001077819791030879,0.0,nan
94,4,0.0014216022632587604,0.0625,nan
94,5,0.0001184154812142818,0.0,nan
94,6,0.00016995931827289222,0.0,nan
94,7,0.00022066552683611,0.0,nan
94,8,0.008727042594020108,0.125,nan
94,9,0.00025494195724557974,0.0,nan
94,10,0.0002510068138241772,0.0,nan
94,11,0.00019153608117494601,0.0,nan
94,12,0.0006564776091386344,0.0625,nan
94,13,0.0001733156798076705,0.0,nan
94,14,0.00025679876718905266,0.0625,nan
94,15,7.502776144543699e-05,0.0,nan
94,16,0.012359961376749736,0.3125,nan
94,17,0.0003698410352259079,0.0,nan
94,18,0.0001878123308376725,0.0,nan
94,19,0.00041511644344979174,0.0,nan
94,20,8.580623549579971e-05,0.0,nan
94,21,0.00016064001930981908,0.0,nan
94,22,0.0006968421862013122,0.0625,nan
94,23,0.00035658570693449334,0.0,nan
94,24,0.0001661523732174122,0.0,nan
94,25,0.0003013310824936245,0.0,nan
94,26,0.00018310798309260717,0.0,nan
94,27,0.0002877092911470282,0.0,nan
94,28,0.00020557758756725416,0.0,nan
94,29,3.092513472050862e-05,0.0,nan
94,30,0.0003978152055321456,0.0,nan
94,31,0.00020044868020374716,0.0,nan
94,32,0.00014818961485657897,0.0,nan
94,33,0.00035215852590446975,0.0,nan
94,34,0.00022347527945816922,0.0,nan
94,35,0.0004491413652290877,0.0,nan
94,36,0.00023014130263227339,0.0,nan
94,37,0.00013251593400553772,0.0,nan
94,38,0.036900060664171425,0.5625,nan
94,39,0.00016532251719117593,0.0,nan
94,40,0.0002343435712452799,0.0,nan
94,41,0.00012277865176488838,0.0,nan
94,42,0.0002344619822033718,0.0,nan
94,43,0.00017816148714086457,0.0,nan
94,44,0.00011448579641319918,0.0,nan
94,45,0.0013765324660901226,0.1875,nan
94,46,0.0002029885867469426,0.0,nan
94,47,7.172861137322187e-05,0.0,nan
94,48,0.0003731206646841286,0.0,nan
94,49,0.00021528409957162449,0.0,nan
94,50,0.00013785868373583713,0.0,nan
94,51,0.000463395039751212,0.0625,nan
94,52,0.00044861946876373717,0.0,nan
94,53,0.0002094274423182045,0.0,nan
94,54,0.0002646132639886709,0.0,nan
94,55,0.00028221953395592977,0.0,nan
94,56,0.000472131003025427,0.0625,nan
94,57,0.00017026921289111372,0.0,nan
94,58,0.00023484829006594643,0.0,nan
94,59,0.0003043269185272088,0.0,nan
94,60,0.00024786823631433046,0.0,nan
94,61,0.0022069699748695033,0.125,nan
94,62,0.00020006830994013163,0.0,nan
94,63,0.0003230615961688571,0.0,nan
94,64,0.00016957603301643632,0.0,nan
94,65,0.00016547076194406597,0.0,nan
94,66,0.00022823211730078766,0.0,nan
94,67,8.421250890177088e-05,0.0,nan
94,68,0.00013717476828242932,0.0,nan
94,69,0.00021144949138452313,0.0,nan
94,70,0.00020567083876025738,0.0,nan
94,71,0.00017527645596592467,0.0,nan
94,72,0.00018005225044907846,0.0,nan
94,73,0.0034212681740952715,0.25,nan
94,74,0.00044109920952169673,0.0,nan
94,75,0.0006087361867950412,0.375,nan
94,76,0.0003637911866366341,0.0,nan
94,77,0.00016178968118433525,0.0,nan
94,78,0.00043773228164140673,0.0,nan
94,79,0.00032024837124468585,0.0,nan
94,80,0.00011897751944163994,0.0,nan
94,81,8.716906723520561e-05,0.0,nan
94,82,0.00017317299670333459,0.0,nan
94,83,7.072847114636803e-05,0.0,nan
94,84,0.00021583524907521965,0.0,nan
94,85,0.00020582426277046436,0.0,nan
94,86,0.0005419150194288548,0.0,nan
94,87,0.00035838922448610703,0.0,nan
94,88,0.00016255165075673594,0.0,nan
94,89,0.0004184480436425613,0.0,nan
94,90,0.00035746448920029035,0.0,nan
94,91,0.00012811910513646854,0.0,nan
94,92,0.0004709975518608537,0.0,nan
94,93,0.00017259783410416386,0.0,nan
94,94,0.0002629796354040555,0.0,nan
94,95,0.00019982102089723198,0.0,nan
94,96,0.00011856526203007024,0.0,nan
94,97,0.00021563272573187905,0.0,nan
94,98,8.44492260251356e-05,0.0,nan
94,99,0.00019212916894959504,0.0,nan
95,0,6.936970273131957e-05,0.0,nan
95,1,0.00012802944108700244,0.0,nan
95,2,0.00010436650640518567,0.0,nan
95,3,0.00023338091722786247,0.0,nan
95,4,0.00025204154667499205,0.0,nan
95,5,0.05302749682251032,0.8125,nan
95,6,0.0004517912389061746,0.0,nan
95,7,0.00029628785091269513,0.0,nan
95,8,0.01934467994501922,0.5,nan
95,9,0.00022805795230217694,0.0,nan
95,10,6.043159401585025e-05,0.0,nan
95,11,0.00029994784636527946,0.0,nan
95,12,0.0003397730170471346,0.0,nan
95,13,0.00029697257799438944,0.0,nan
95,14,3.406382022643979e-05,0.0,nan
95,15,0.0011421135078982954,0.125,nan
95,16,0.009505295047230997,0.0625,nan
95,17,5.707902104492359e-05,0.0,nan
95,18,0.0001314523172237751,0.0,nan
95,19,7.462219002077634e-05,0.0,nan
95,20,0.0001129921636560147,0.0,nan
95,21,0.00015011393817698803,0.0,nan
95,22,0.00048397445049947,0.0,nan
95,23,0.00017478389135902004,0.0,nan
95,24,0.0003005511383655004,0.0,nan
95,25,0.0001440278875760118,0.0,nan
95,26,0.00011955178945102374,0.0,nan
95,27,6.482786489737196e-05,0.0,nan
95,28,0.00018346573529274602,0.0,nan
95,29,0.00014064760253641815,0.0,nan
95,30,4.515747644739767e-05,0.0,nan
95,31,0.00011287033948486296,0.0,nan
95,32,0.00016867783835645067,0.0,nan
95,33,0.00020952552447303646,0.0625,nan
95,34,0.00020286664663707224,0.0,nan
95,35,0.00013117361197196334,0.0,nan
95,36,0.00030027823105311047,0.0,nan
95,37,9.325351154145376e-05,0.0,nan
95,38,0.045952519171063216,0.5,nan
95,39,0.00022563806483349736,0.0,nan
95,40,0.00019293334088559151,0.0,nan
95,41,0.00013745428636132434,0.0625,nan
95,42,0.00020239017442106488,0.0,nan
95,43,0.0002587483956136245,0.0,nan
95,44,0.00023583170972909858,0.0,nan
95,45,0.00011283311255982234,0.0,nan
95,46,0.0003326662417189107,0.0,nan
95,47,0.001599634539999815,0.125,nan
95,48,0.00020519870475140775,0.0,nan
95,49,9.309720582589896e-05,0.0,nan
95,50,0.00010134184311118731,0.0,nan
95,51,0.0005150121551817234,0.0,nan
95,52,0.00013223300352674085,0.0,nan
95,53,0.00040852258973347617,0.0,nan
95,54,5.0318797744339766e-05,0.0,nan
95,55,0.00016037504302636837,0.0,nan
95,56,0.0004764691790131079,0.0,nan
95,57,9.862482597578169e-05,0.0,nan
95,58,0.0002647882051132666,0.0,nan
95,59,0.00022978130987032723,0.0,nan
95,60,0.00014214404238332263,0.0,nan
95,61,0.00020751966773915702,0.0,nan
95,62,9.254989619684033e-05,0.0,nan
95,63,8.850902351047426e-05,0.0,nan
95,64,0.0002469374992959166,0.0,nan
95,65,9.58816104346109e-05,0.0,nan
95,66,0.0002015940609639409,0.0,nan
95,67,0.00018501334493741206,0.0,nan
95,68,0.0001264524164969784,0.0,nan
95,69,8.8687730563297e-05,0.0,nan
95,70,0.00011614170515675406,0.0,nan
95,71,6.687310887341123e-05,0.0,nan
95,72,0.0002346011366628359,0.0,nan
95,73,9.392504308082659e-05,0.0,nan
95,74,0.00013746508868874908,0.0,nan
95,75,0.0008883954845108586,0.125,nan
95,76,0.00010576809722982476,0.0,nan
95,77,0.0003608972815304512,0.0,nan
95,78,3.266278898599477e-05,0.0,nan
95,79,8.042473417462368e-05,0.0,nan
95,80,0.0001467665985613256,0.0,nan
95,81,0.0007310318948532719,0.0,nan
95,82,0.00015639300041198192,0.0,nan
95,83,0.00018387855363168125,0.0,nan
95,84,0.00015276632312214553,0.0,nan
95,85,7.02316817552472e-05,0.0,nan
95,86,0.00021493699814322114,0.0,nan
95,87,0.00036801698746063635,0.0625,nan
95,88,6.984096124900691e-05,0.0,nan
95,89,0.00018596496586285085,0.0,nan
95,90,0.00048754737525162357,0.0,nan
95,91,5.257044089300115e-05,0.0,nan
95,92,0.0001257116064552368,0.0,nan
95,93,4.511787066491257e-05,0.0,nan
95,94,0.0004488567791201171,0.0,nan
95,95,0.00022747270988348096,0.0,nan
95,96,0.00012134025863527864,0.0,nan
95,97,4.294872636904615e-05,0.0,nan
95,98,0.00010614592141333534,0.0,nan
95,99,9.115812989336505e-05,0.0,nan
96,0,0.0001362453633402025,0.0,nan
96,1,0.00021310160908402163,0.0,nan
96,2,0.0002675414645271089,0.0,nan
96,3,0.0004779179914239049,0.0,nan
96,4,0.000411868510104523,0.0,nan
96,5,0.00024478229327634925,0.0,nan
96,6,0.0003069878248461704,0.0,nan
96,7,0.00020564859350797227,0.0,nan
96,8,0.00822359274904865,0.1875,nan
96,9,0.000413092331498674,0.0,nan
96,10,0.00038790008195382366,0.0,nan
96,11,0.00018477873712591738,0.0,nan
96,12,0.0003750883277176643,0.0,nan
96,13,0.0002899685285984798,0.0625,nan
96,14,0.006334384406052551,0.125,nan
96,15,0.0028948982080241026,0.125,nan
96,16,0.01246470839946024,0.1875,nan
96,17,0.00044597913209495845,0.0,nan
96,18,0.000158859206402918,0.0,nan
96,19,0.0002093653139649692,0.0,nan
96,20,0.00015840996135244777,0.0,nan
96,21,0.00032767764469958567,0.0,nan
96,22,0.00019245344532326251,0.0,nan
96,23,0.003974737768791311,0.25,nan
96,24,0.00019810745043273293,0.0,nan
96,25,0.0003484080627963006,0.0,nan
96,26,0.00028883788098971126,0.0,nan
96,27,0.000359739838832803,0.0,nan
96,28,0.00013551342372670062,0.0,nan
96,29,0.0003912258192872887,0.0,nan
96,30,0.00018497730259038007,0.0,nan
96,31,0.00021993933576296783,0.0,nan
96,32,0.000503549721873672,0.0625,nan
96,33,0.00022198994786716303,0.0,nan
96,34,0.00019335789198100594,0.0,nan
96,35,0.0005211025967001666,0.0,nan
96,36,0.0004775543108397927,0.0,nan
96,37,0.00024673759651397083,0.0,nan
96,38,0.0015996929675760594,0.0,nan
96,39,0.00039859427668266327,0.0,nan
96,40,0.00017375268407237085,0.0,nan
96,41,0.000254915862874969,0.0,nan
96,42,0.00041593694084493706,0.0,nan
96,43,0.00019797828495724472,0.0,nan
96,44,0.00020499978730156068,0.0,nan
96,45,0.0009834900015444408,0.0625,nan
96,46,0.00020931293890407996,0.0,nan
96,47,0.0007080574953823339,0.0,nan
96,48,0.00024600301974746734,0.0,nan
96,49,0.00040908244760390436,0.0,nan
96,50,0.00021153358975094764,0.0,nan
96,51,0.0004921095817292978,0.0,nan
96,52,0.00032944120101753685,0.0,nan
96,53,0.00020146106900168723,0.0,nan
96,54,0.00026984882696734177,0.0,nan
96,55,0.0001574879554064258,0.0,nan
96,56,0.00025514366064544383,0.0,nan
96,57,0.00043020891411454395,0.0,nan
96,58,0.00019311986087067995,0.0,nan
96,59,0.0002027591333125605,0.0,nan
96,60,0.0003316484498195701,0.0,nan
96,61,0.00038440917727993287,0.0,nan
96,62,0.0002858207197018316,0.0,nan
96,63,0.000278849285686312,0.0,nan
96,64,0.0008372186464011839,0.0,nan
96,65,0.07472701429764864,0.8125,nan
96,66,0.0005797147255278793,0.0,nan
96,67,0.00016520373428870758,0.0,nan
96,68,0.0002930641375485887,0.0,nan
96,69,0.00022231106254851627,0.0,nan
96,70,0.0004121821062485802,0.0,nan
96,71,0.0002911817559977262,0.0,nan
96,72,0.0004044273558791108,0.0,nan
96,73,0.0004846767220447458,0.0,nan
96,74,0.000142099284549402,0.0,nan
96,75,0.0002368126053138265,0.0,nan
96,76,0.0006405188263780102,0.125,nan
96,77,0.00022706738038115137,0.0625,nan
96,78,0.0001777716101834292,0.0,nan
96,79,0.0003027214706669826,0.0,nan
96,80,0.00033373480683729687,0.0,nan
96,81,0.00047613197602533333,0.0,nan
96,82,0.0002255102068442754,0.0,nan
96,83,0.0005518330433455807,0.0,nan
96,84,0.0007435211348540693,0.0,nan
96,85,0.0005201030000355117,0.0,nan
96,86,0.00014994946012014112,0.0,nan
96,87,0.000587448770029431,0.0,nan
96,88,0.0003797167742479094,0.0,nan
96,89,0.0003763539807165886,0.0,nan
96,90,0.00016982107571463287,0.0,nan
96,91,0.0002281996712638855,0.0,nan
96,92,0.00010922765941961039,0.0,nan
96,93,0.0001344986244313357,0.0,nan
96,94,0.000348129866119932,0.0,nan
96,95,0.00039329748851062044,0.0625,nan
96,96,0.00013973816405960814,0.0,nan
96,97,0.0004358587278798955,0.0,nan
96,98,0.0001591795285463476,0.0,nan
96,99,0.00034465849728344865,0.0,nan
97,0,7.130784299267678e-05,0.0,nan
97,1,0.00022109180328091648,0.0,nan
97,2,5.850780245840417e-05,0.0,nan
97,3,7.037581156871196e-05,0.0,nan
97,4,0.0005762401541811588,0.0,nan
97,5,8.910039653009212e-05,0.0,nan
97,6,0.00010585690368818931,0.0,nan
97,7,3.1027921754279044e-05,0.0,nan
97,8,0.0012234462380542655,0.0625,nan
97,9,4.790512504099807e-05,0.0,nan
97,10,0.0001810610453947704,0.0,nan
97,11,0.00013909866370744744,0.0,nan
97,12,0.00012048743933237204,0.0,nan
97,13,8.34179591860278e-05,0.0,nan
97,14,0.00015729734235376614,0.0,nan
97,15,8.974033362206164e-05,0.0,nan
97,16,0.019567163490621254,0.5,nan
97,17,0.005036967630405421,0.0625,nan
97,18,0.00010582308409822344,0.0,nan
97,19,8.950666859896883e-05,0.0,nan
97,20,0.00012779532687180135,0.0,nan
97,21,0.0002458979331961479,0.0,nan
97,22,8.080146462461225e-05,0.0,nan
97,23,0.0038841175476419148,0.375,nan
97,24,0.0001615756433023334,0.0,nan
97,25,0.00018832142708400635,0.0625,nan
97,26,8.595648655738316e-05,0.0,nan
97,27,0.00012932903151392926,0.0,nan
97,28,0.00010249924111088216,0.0,nan
97,29,0.00019502986073029007,0.0,nan
97,30,9.185630642855795e-05,0.0,nan
97,31,0.00013417803643747857,0.0,nan
97,32,0.00030408068256571757,0.0,nan
97,33,0.002083984124094455,0.0625,nan
97,34,0.00010853191082682121,0.0,nan
97,35,7.524031678018934e-05,0.0,nan
97,36,0.00011330188497467022,0.0,nan
97,37,0.00016195808818118975,0.0,nan
97,38,0.0006119690280701044,0.0,nan
97,39,0.00017777374908045754,0.0,nan
97,40,0.0002589508814982812,0.0,nan
97,41,8.192432009217261e-05,0.0,nan
97,42,0.000407806370435041,0.0,nan
97,43,0.00017529226491803262,0.0,nan
97,44,0.0001238187028586617,0.0,nan
97,45,7.459022841145542e-05,0.0,nan
97,46,0.00022233914216086424,0.0,nan
97,47,7.445206117477691e-05,0.0,nan
97,48,7.448195778882681e-05,0.0,nan
97,49,9.94276476774185e-05,0.0,nan
97,50,4.575891444825847e-05,0.0,nan
97,51,0.0002218782796016829,0.0,nan
97,52,7.739659879021324e-05,0.0,nan
97,53,0.0003361366108580925,0.0,nan
97,54,0.0002431254853349985,0.0,nan
97,55,0.000984014856679992,0.0,nan
97,56,5.7101587348031005e-05,0.0,nan
97,57,6.889221402589154e-05,0.0,nan
97,58,0.0010676757467966995,0.0,nan
97,59,4.482671033411109e-05,0.0,nan
97,60,5.939551442834155e-05,0.0,nan
97,61,0.0002039659593099313,0.1875,nan
97,62,0.00025024910473560194,0.0,nan
97,63,4.160361955080713e-05,0.0,nan
97,64,7.645534550421332e-05,0.0,nan
97,65,0.00010135439676030861,0.0,nan
97,66,8.019200173342895e-05,0.0,nan
97,67,8.839697243357594e-05,0.0,nan
97,68,5.3877571337116004e-05,0.0,nan
97,69,0.00013151663031810997,0.0,nan
97,70,0.00013813958948687567,0.0,nan
97,71,0.00016386119516292164,0.0,nan
97,72,4.319219975033573e-05,0.0,nan
97,73,0.00022994539994340078,0.0,nan
97,74,0.00012828254714935972,0.0,nan
97,75,0.23885730794842408,1.0,nan
97,76,0.0010498789266208336,0.0,nan
97,77,0.00011665807970306914,0.0,nan
97,78,0.00017247854412284774,0.0,nan
97,79,8.043601336787393e-05,0.0,nan
97,80,0.00015404622507718665,0.0,nan
97,81,0.00013718499505660674,0.0,nan
97,82,0.00027862323413906304,0.0,nan
97,83,0.0001799129807992221,0.0,nan
97,84,0.00019055423502060896,0.0,nan
97,85,0.00016614187946764993,0.0,nan
97,86,0.00011148385633226358,0.0,nan
97,87,0.00010196773065632042,0.0,nan
97,88,4.755107001494934e-05,0.0,nan
97,89,4.397735609813563e-05,0.0,nan
97,90,0.0003996480025558676,0.125,nan
97,91,6.375572338168947e-05,0.0,nan
97,92,0.0001156207238083795,0.0,nan
97,93,9.890999282998212e-05,0.0,nan
97,94,6.345451210725072e-05,0.0,nan
97,95,0.0001381466262921332,0.0,nan
97,96,9.554498656806556e-05,0.0,nan
97,97,9.253945925985607e-05,0.0,nan
97,98,0.00016415671048869055,0.0,nan
97,99,0.00019034002978778728,0.0,nan
98,0,0.00014562574051649212,0.0,nan
98,1,0.0002881219331827267,0.0,nan
98,2,0.00020923148675025562,0.0,nan
98,3,9.524896823400993e-05,0.0,nan
98,4,0.0003500540854350025,0.0,nan
98,5,0.00032742122577130513,0.0,nan
98,6,8.394753902550879e-05,0.0,nan
98,7,8.15804348967477e-05,0.0,nan
98,8,0.00069046611253382,0.0,nan
98,9,0.0002803188058251554,0.0,nan
98,10,0.00011225119063961261,0.0,nan
98,11,6.702772149008559e-05,0.0,nan
98,12,9.996241984354456e-05,0.0,nan
98,13,0.00021566830188610574,0.0,nan
98,14,0.00026226005265589104,0.0,nan
98,15,0.00011446095879302063,0.0,nan
98,16,0.02061897250006782,0.5,nan
98,17,0.0233279005738048,0.625,nan
98,18,0.00012814038831712095,0.0,nan
98,19,0.000166758666871048,0.0,nan
98,20,8.244557870436668e-05,0.0,nan
98,21,0.00016410441480933818,0.0,nan
98,22,0.0005551050931704514,0.0,nan
98,23,0.00034553203408780957,0.0,nan
98,24,0.0003245925911971118,0.0,nan
98,25,0.0004514875079624352,0.0,nan
98,26,0.00016429589408434623,0.0,nan
98,27,0.0003177113629596916,0.0,nan
98,28,0.0001880738036250379,0.0,nan
98,29,7.498138230579963e-05,0.0,nan
98,30,0.00039152189417393187,0.0,nan
98,31,0.00011432321539035624,0.0,nan
98,32,0.00020555794326900727,0.0,nan
98,33,0.0004606323071800796,0.0,nan
98,34,0.0003505365670341254,0.0,nan
98,35,5.711489261972887e-05,0.0,nan
98,36,0.0002034498269333171,0.0625,nan
98,37,0.00021377429212125103,0.0,nan
98,38,0.0016734589988997785,0.0625,nan
98,39,6.876595308587949e-05,0.0,nan
98,40,0.0002968758310887629,0.0,nan
98,41,0.0002740190773124707,0.0,nan
98,42,0.0002243795360000842,0.0,nan
98,43,0.00017826055590098864,0.0,nan
98,44,0.00021090326180895524,0.0,nan
98,45,0.04192546042618893,0.5625,nan
98,46,0.0005594892531372495,0.0,nan
98,47,0.0012709911595917534,0.0,nan
98,48,0.00011641802547012999,0.0,nan
98,49,0.0001909758525057836,0.0,nan
98,50,0.00018367508570058303,0.0,nan
98,51,0.00015687990595283008,0.0,nan
98,52,0.00012027925540756202,0.0,nan
98,53,0.00017946092045605588,0.0,nan
98,54,0.0001869647587030667,0.0,nan
98,55,0.0002285723133308821,0.0,nan
98,56,0.00025416156214226577,0.0,nan
98,57,0.00023179851416484782,0.0,nan
98,58,0.0003069020972696293,0.0,nan
98,59,0.00021783344838792817,0.0,nan
98,60,0.0001691922032055942,0.0,nan
98,61,0.0008670707846429448,0.0,nan
98,62,0.0001416756993568183,0.0,nan
98,63,0.00022762024635266623,0.0,nan
98,64,0.0008815514243502649,0.0625,nan
98,65,0.00013816980294163972,0.0,nan
98,66,0.0027535056104451647,0.375,nan
98,67,9.260089535780827e-05,0.0,nan
98,68,0.0005506716593438998,0.0,nan
98,69,0.000347305674310981,0.0,nan
98,70,0.000134851270875755,0.0,nan
98,71,0.0006638577222660472,0.0,nan
98,72,0.00018721314513411218,0.0,nan
98,73,0.00025973510712785144,0.0,nan
98,74,0.00020746943634313957,0.0,nan
98,75,0.008220731884565504,0.4375,nan
98,76,0.0008929145338986305,0.0,nan
98,77,0.00018793988600756837,0.0,nan
98,78,0.00037081847501968117,0.0,nan
98,79,0.000285767480746574,0.0,nan
98,80,0.0001814776004206394,0.0,nan
98,81,0.00021219842996060437,0.0,nan
98,82,0.00012932557098877093,0.0,nan
98,83,0.0003867766610026373,0.0,nan
98,84,0.0002350480272995814,0.0,nan
98,85,0.00021351183342414783,0.0,nan
98,86,0.0003906926695237794,0.0,nan
98,87,0.00028897231575917485,0.0,nan
98,88,9.311831472461795e-05,0.0,nan
98,89,0.0003427269596378465,0.0,nan
98,90,0.00016820983584238793,0.0,nan
98,91,0.0002845455193740739,0.125,nan
98,92,0.0006521181376484011,0.0,nan
98,93,0.00027725590889780794,0.0,nan
98,94,0.0001534103987966209,0.0,nan
98,95,0.00018450490880689692,0.0,nan
98,96,8.580946842991457e-05,0.0,nan
98,97,0.00044194685328804377,0.0,nan
98,98,0.00011190572455779696,0.0,nan
98,99,0.0003315129401020517,0.0,nan
99,0,0.00016295133796579862,0.0,nan
99,1,0.00017950527055358463,0.0,nan
99,2,7.429417786112603e-05,0.0,nan
99,3,0.0003691780980158494,0.0,nan
99,4,0.01452382166702056,0.375,nan
99,5,0.00032116197024661063,0.0,nan
99,6,0.00020023906333824484,0.0,nan
99,7,0.0001399860658561517,0.0,nan
99,8,0.00074150693506254,0.125,nan
99,9,9.59520912711408e-05,0.0,nan
99,10,0.00033842592293252023,0.0,nan
99,11,0.00032325969343087837,0.0,nan
99,12,0.0001523661348663472,0.0,nan
99,13,0.0004074841879430119,0.0,nan
99,14,0.000185456575898765,0.0,nan
99,15,0.0003760483009831913,0.125,nan
99,16,0.017476850695403313,0.375,nan
99,17,0.03986789121572355,0.875,nan
99,18,0.00022221872551539203,0.0,nan
99,19,0.00014279273544740028,0.0,nan
99,20,0.0002630934375149452,0.0,nan
99,21,0.00024276125039706078,0.0,nan
99,22,0.00032487611682985816,0.0,nan
99,23,0.00043174507693390335,0.0625,nan
99,24,0.00028828894654771596,0.0,nan
99,25,0.0003877678761011014,0.0,nan
99,26,8.704861366681201e-05,0.0,nan
99,27,6.85032062531982e-05,0.0,nan
99,28,0.00027650110784456673,0.0,nan
99,29,0.00011294139259149566,0.0,nan
99,30,0.0003226749589139138,0.0,nan
99,31,0.00017675265245596585,0.0,nan
99,32,0.0005608198604121406,0.0,nan
99,33,0.00036050270678009773,0.0625,nan
99,34,0.000248541673704615,0.0,nan
99,35,0.00026012047362014345,0.0,nan
99,36,0.0004024190824672519,0.0,nan
99,37,0.0001208265605480594,0.0,nan
99,38,0.00039247032238736183,0.125,nan
99,39,0.00043718534977269473,0.0,nan
99,40,0.00021252301685845262,0.0,nan
99,41,0.00023390599044648613,0.0,nan
99,42,0.00035194400997798293,0.0,nan
99,43,0.00011057700500359004,0.0,nan
99,44,0.00036663246796031154,0.0,nan
99,45,0.00038387924389982715,0.1875,nan
99,46,0.00024227876209333225,0.0,nan
99,47,0.0028561607248293753,0.1875,nan
99,48,0.0003291246171228502,0.0,nan
99,49,0.0002888840085696923,0.0,nan
99,50,0.00030794004149266904,0.0,nan
99,51,0.0005736716184923355,0.0,nan
99,52,0.0002949727189511458,0.0,nan
99,53,0.00027369764031248483,0.0,nan
99,54,0.00016067173829349362,0.0,nan
99,55,0.0003239899777334566,0.0,nan
99,56,0.0001808027589016564,0.0,nan
99,57,0.0002971872056331449,0.0,nan
99,58,0.00019550226241017883,0.0,nan
99,59,0.00034939133881172667,0.0,nan
99,60,0.00012096426998099894,0.0,nan
99,61,0.00023319586286649067,0.0,nan
99,62,0.0001622755476099689,0.0,nan
99,63,0.00030493813832620513,0.0,nan
99,64,0.00019197288327413585,0.0,nan
99,65,0.00035116357653086844,0.0,nan
99,66,0.0001768816334309109,0.0,nan
99,67,0.000367756127936548,0.0,nan
99,68,0.0001624014775408421,0.0,nan
99,69,9.134183892142237e-05,0.0,nan
99,70,0.00029856963213122025,0.0,nan
99,71,0.00021471679763196332,0.0,nan
99,72,0.00024061656024890865,0.0,nan
99,73,0.008482616373815503,0.3125,nan
99,74,5.53245943500421e-05,0.0,nan
99,75,6.324586038101824e-05,0.0,nan
99,76,0.0009980690459882196,0.0625,nan
99,77,0.0001705140311842852,0.0,nan
99,78,0.0006916796443259651,0.125,nan
99,79,0.00020807629948423593,0.0,nan
99,80,6.558049526307055e-05,0.0,nan
99,81,0.00016570025924542484,0.0,nan
99,82,0.000594055718272008,0.0,nan
99,83,0.0001808923151397572,0.0,nan
99,84,0.000312361001552478,0.0,nan
99,85,0.00024487783871069856,0.0,nan
99,86,0.00013523148141186088,0.0,nan
99,87,0.00016525116443506224,0.0,nan
99,88,0.0004548606596149144,0.0,nan
99,89,0.00022782528847460954,0.0,nan
99,90,0.00036684876256797157,0.0,nan
99,91,0.00033773463007734687,0.0625,nan
99,92,0.0002932200769044402,0.0,nan
99,93,0.00023151233467528967,0.0,nan
99,94,0.0001504946499359192,0.0,nan
99,95,0.0002095313099988359,0.0,nan
99,96,0.00022285323683606797,0.0,nan
99,97,0.0005889585255508015,0.0625,nan
99,98,0.00020379087566373756,0.0,nan
99,99,0.0003227340266091513,0.0,nan
100,0,0.00015350415858904592,0.0,4.096152897113554e-05
100,1,7.841152410897634e-05,0.0,0.00021342046988167786
100,2,7.182754889113601e-05,0.0,0.00011450581870147574
100,3,0.00017464801815063089,0.0,0.00038410310012713874
100,4,0.00021292309560325666,0.0,0.010073194809001642
100,5,0.06298215302560736,0.6875,0.3756383484477512
100,6,0.0001841608565314521,0.0,5.4172391413382204e-05
100,7,0.0001023306156620013,0.0,1.3194460776595776e-05
100,8,0.008347396463277604,0.125,0.1036887842816303
100,9,0.0005134327107682206,0.0,0.004239534530946206
100,10,0.00020987414381603303,0.0,0.00032267111239825315
100,11,0.0002743614310253083,0.0,0.0005944824227100441
100,12,0.000293198360509803,0.0,0.00034536418793609374
100,13,0.000359753402474249,0.0,8.855333795313002e-05
100,14,0.0009192543334596387,0.0,0.021395074735409483
100,15,0.0003289545569381317,0.0625,0.006666730701493144
100,16,0.015911081946745592,0.4375,0.06994373289038687
100,17,0.00018333826803902957,0.0,0.00020802246460827135
100,18,0.0001451420158963599,0.0,1.2533038418228044e-05
100,19,0.0007744005415535669,0.0,0.0006087522094058377
100,20,0.0001917814953056171,0.0,1.023187503356989e-05
100,21,0.00028637174401272936,0.0,7.375415446192186e-06
100,22,0.00010785190310514071,0.0,0.00010885467199771374
100,23,0.00016123842134560572,0.0,0.0005441764878922189
100,24,0.00017278723944380976,0.0,0.0009619903043130099
100,25,0.0004637575517854711,0.0,0.001497108757692301
100,26,0.0001332910426151531,0.0,9.573601251145294e-05
100,27,0.0024109283526515574,0.0,0.051200890731571636
100,28,0.00010051366251085029,0.0,0.00025893690609260744
100,29,0.00016305071652822375,0.0,3.073889022813036e-06
100,30,3.0841872970084903e-05,0.0,1.533907132341262e-05
100,31,0.00026800419680226943,0.0,0.0001524743869835879
100,32,8.671676608279456e-05,0.0,0.0002873810423496101
100,33,9.968118157086125e-05,0.0,0.0001873397890979747
100,34,0.00019316306917117385,0.0,2.827875589131687e-05
100,35,0.00010835064671485082,0.0,6.138726696326687e-05
100,36,0.0007023055606672825,0.125,0.007126596996066853
100,37,0.00020481614122788748,0.0,7.305239870661241e-05
100,38,0.00031866264363804644,0.0625,0.009883014419557443
100,39,0.00010048284883708015,0.0,7.000573020393436e-05
100,40,0.0004495443622038855,0.0,0.0011981151183735807
100,41,8.935146957978721e-05,0.0,5.42230347648239e-05
100,42,0.0008847034341584094,0.0,0.0023790583156472716
100,43,0.0004934676925018961,0.0,0.000591848574428498
100,44,0.00047836545866885796,0.0,0.0006697963858793453
100,45,0.0007107586735298842,0.125,0.013992524680753793
100,46,0.0001693441316818907,0.0,3.83906049640093e-05
100,47,6.665811684558307e-05,0.0,1.4715966861869486e-05
100,48,0.0005289179983212113,0.0,3.4886820703433155e-05
100,49,0.00011141438235542669,0.0,0.0002669660802888778
100,50,0.00021643596801692956,0.0,5.3453028921811734e-05
100,51,0.0007272040198594925,0.125,0.01821778023260044
100,52,0.00018382349709668305,0.0,0.00016050900701335737
100,53,0.00024173064901419124,0.0,0.0006765494040920491
100,54,0.0002836987578641192,0.0,1.6777724307617456e-05
100,55,0.00019177691455746573,0.0,0.00031038332039260184
100,56,0.0001896646008683639,0.0,0.0005197903365952137
100,57,8.54125865100884e-05,0.0,0.00016443612347809904
100,58,0.06512868959497692,0.8125,0.21627665477689398
100,59,0.0001465446251722021,0.0,7.170000505636705e-05
100,60,0.0002588684937329926,0.0,0.00011047760256449435
100,61,0.000612065608046742,0.0625,0.001160711914915737
100,62,0.00031477206902744224,0.0,0.00043011722435961275
100,63,0.00021830416874724903,0.0,0.0007872794771221777
100,64,0.0005322786165795134,0.0,0.00937644594144108
100,65,0.0002864665838581721,0.0,0.0012853680516904569
100,66,6.411183747606478e-05,0.0,5.392939071332463e-06
100,67,0.00022066753510240024,0.0,0.00011364826351632946
100,68,0.0001353125590021606,0.0,3.4574248507237586e-05
100,69,0.00013834241850160556,0.0,0.00017950356748454283
100,70,0.0001416799239381951,0.0,1.6125002934519224e-05
100,71,9.174807370681824e-05,0.0,9.256161155986533e-05
100,72,0.00014976319340133165,0.0,2.7798243192137872e-05
100,73,0.0001818435782514414,0.0,0.00023112675600007345
100,74,0.0002384519144477978,0.0,0.00014630092516906346
100,75,8.177093156565858e-05,0.0,8.135182244842932e-06
100,76,0.004115324428912092,0.125,0.045167805193367355
100,77,0.0002390980977522269,0.0,0.0022554909597404245
100,78,0.00029357590753016367,0.0,1.7138400616108647e-05
100,79,0.0004044119229838581,0.0,9.078547743738251e-05
100,80,4.582531797083542e-05,0.0,7.347008176480635e-07
100,81,0.0001072256822758935,0.0,0.00013530422399901795
100,82,0.00032651837869932795,0.0,0.0025566665721429775
100,83,0.0008187090990612214,0.0,0.0004373930502618437
100,84,0.0001895499062970054,0.0,0.00041593549067071747
100,85,0.00018652301764999466,0.0,1.9853633875150957e-05
100,86,0.00028434268579361697,0.0,0.00031509145332178303
100,87,0.00012204369150626705,0.0,0.0009117011486737668
100,88,0.00016509170455607827,0.0,1.0525073830449909e-05
100,89,0.0002507563357586095,0.0,0.0011365747945019226
100,90,0.00048470842403435427,0.0,0.0016455510074418955
100,91,0.0002966431131101331,0.0,0.0005715470794163635
100,92,0.00036705993990695764,0.0,0.0007753839641270123
100,93,8.841597269389147e-05,0.0,7.261005652494198e-05
100,94,7.581801398346698e-05,0.0,9.461659321207319e-05
100,95,0.00021703273888255592,0.0,0.00025926690767878323
100,96,0.00020283374332774292,0.0,7.360002459973155e-05
100,97,0.0003421199638579384,0.0,0.00020030194261947863
100,98,0.000166570012398517,0.0,7.470846566969331e-05
100,99,0.0018860618838459102,0.0,0.005827905443025337
101,0,8.768871699048304e-05,0.0,nan
101,1,0.0002296867710741274,0.0,nan
101,2,0.0003282523522470107,0.0,nan
101,3,0.0009211749186672426,0.0,nan
101,4,0.00026720783185868685,0.0,nan
101,5,0.0020945757619270705,0.1875,nan
101,6,0.00010144398305437334,0.0,nan
101,7,0.00013455339858967836,0.0,nan
101,8,0.008542566351488493,0.25,nan
101,9,0.00012757228215342427,0.0,nan
101,10,6.604975018240051e-05,0.0,nan
101,11,0.00016893719732264073,0.0,nan
101,12,0.00024614849032865606,0.0,nan
101,13,0.0003540975839844905,0.0,nan
101,14,0.0002952680485582607,0.0,nan
101,15,0.0006265980681204918,0.0,nan
101,16,0.017744178509389863,0.4375,nan
101,17,0.004652820472981965,0.3125,nan
101,18,0.0001067693260736815,0.0,nan
101,19,0.00019073113196805037,0.0,nan
101,20,0.00011555456257981045,0.0,nan
101,21,0.00012765860517086213,0.0,nan
101,22,0.0006574905046073808,0.0,nan
101,23,0.00028188974573439536,0.0,nan
101,24,0.00023433140183302926,0.0,nan
101,25,0.00011128373846166012,0.0,nan
101,26,0.00018005161585419723,0.0,nan
101,27,9.934549460305378e-05,0.0,nan
101,28,0.00019723311205511172,0.0,nan
101,29,0.0003235539750261729,0.0,nan
101,30,0.00016118580652792327,0.0,nan
101,31,0.00021076537382110023,0.0,nan
101,32,0.00016746308612118892,0.0,nan
101,33,0.00021086662756824985,0.0,nan
101,34,0.00011544494188670039,0.0,nan
101,35,0.00017599639271070124,0.0,nan
101,36,0.00026743394644305964,0.0,nan
101,37,0.00017125413528264774,0.0,nan
101,38,0.11719635327401584,1.0,nan
101,39,0.0001915909594174429,0.0,nan
101,40,0.00037002711383299846,0.0,nan
101,41,0.00030472851037172425,0.0,nan
101,42,0.0002949284203069855,0.0,nan
101,43,0.00033639903519169085,0.0,nan
101,44,0.0004490498514460102,0.0,nan
101,45,0.0005510975121345153,0.125,nan
101,46,0.00013823751520076116,0.0,nan
101,47,0.0006313184857250998,0.0,nan
101,48,0.00020918172638313974,0.0625,nan
101,49,0.0005288251625793329,0.0,nan
101,50,8.6959028499251e-05,0.0,nan
101,51,0.0010349960048187468,0.0,nan
101,52,0.00025611971053359677,0.0,nan
101,53,0.0002389761333680497,0.0,nan
101,54,0.00015622404496001813,0.0,nan
101,55,0.0002763915998634163,0.0,nan
101,56,0.00015560631200899639,0.0,nan
101,57,0.00019037746787182398,0.0,nan
101,58,0.0002093184510306957,0.0,nan
101,59,0.00013203390788203904,0.0,nan
101,60,0.00027216046098696287,0.0,nan
101,61,0.0005870499772793045,0.0,nan
101,62,0.00019464949663194043,0.0,nan
101,63,0.00017643885468198426,0.0,nan
101,64,0.004850437168821206,0.25,nan
101,65,0.000319859996158921,0.0,nan
101,66,0.0003265259451858489,0.0,nan
101,67,0.0004096710300973913,0.0,nan
101,68,0.00030010195182143633,0.0,nan
101,69,0.00017775621528480176,0.0,nan
101,70,0.00020883543167057097,0.0,nan
101,71,0.0002914150050081591,0.0,nan
101,72,0.00031192121032934454,0.0,nan
101,73,0.00026095564250341077,0.0,nan
101,74,0.00043413908587730836,0.0,nan
101,75,0.00021607285733750593,0.0,nan
101,76,0.0004831435968527648,0.0,nan
101,77,0.0001784486629269881,0.0,nan
101,78,0.00017955069460800528,0.0,nan
101,79,0.0002080188340930651,0.0,nan
101,80,0.00034940939932444093,0.0,nan
101,81,0.00021288000740405573,0.0,nan
101,82,8.099146840868942e-05,0.0,nan
101,83,0.00019669221647960762,0.0,nan
101,84,0.00016796195994508393,0.0,nan
101,85,0.0001449087716093345,0.0,nan
101,86,0.00020926892927995673,0.0,nan
101,87,0.00031001903415902655,0.0,nan
101,88,0.00011922917641754261,0.0,nan
101,89,0.0001973288592734666,0.0,nan
101,90,0.00040276353735783715,0.0,nan
101,91,0.00017652229393551934,0.0,nan
101,92,0.0002620951564779514,0.0,nan
101,93,0.00018679135758154592,0.0,nan
101,94,0.00012645652947423496,0.0,nan
101,95,7.082933378298932e-05,0.0,nan
101,96,0.00017212101075975551,0.0,nan
101,97,0.00010383465540508388,0.0,nan
101,98,0.0002706337513805953,0.0,nan
101,99,0.000162174189347958,0.0,nan
102,0,0.0003377712813412309,0.0,nan
102,1,0.00044331760720476166,0.0625,nan
102,2,0.00018871654131408927,0.0,nan
102,3,0.00037184150254664333,0.0,nan
102,4,0.00025713481106215153,0.0,nan
102,5,0.03201932202880105,0.6875,nan
102,6,0.0002700214702226969,0.0,nan
102,7,0.00016463638373829276,0.0,nan
102,8,0.0008468020127067829,0.0,nan
102,9,0.00010969970048407403,0.0,nan
102,10,0.00038213707131140584,0.0,nan
102,11,0.00032229712134901507,0.0,nan
102,12,0.0003664651156423818,0.0,nan
102,13,0.0004391184029918548,0.0,nan
102,14,0.009892419268025419,0.3125,nan
102,15,0.0009518392629412871,0.0,nan
102,16,0.008255520817094871,0.0625,nan
102,17,0.0012155152874860618,0.375,nan
102,18,0.00022811446837432854,0.0,nan
102,19,0.0002925206171172245,0.0,nan
102,20,0.0001734907006915853,0.0,nan
102,21,0.0003794298846126686,0.0,nan
102,22,0.00042848672181565884,0.0,nan
102,23,0.0003220184247038129,0.0625,nan
102,24,0.00024872590187318615,0.0,nan
102,25,0.00023086625673805652,0.0,nan
102,26,0.0003342964795419398,0.0,nan
102,27,0.006587129584888981,0.1875,nan
102,28,0.0005732528832553948,0.0,nan
102,29,0.0003312291259195509,0.0,nan
102,30,0.0002585076019224683,0.0,nan
102,31,0.0008534035476863701,0.0,nan
102,32,0.0013234562884784466,0.0,nan
102,33,0.00032303927735284166,0.0,nan
102,34,0.0003787043967682076,0.0,nan
102,35,0.0001523509306084557,0.0,nan
102,36,0.0001575965584511954,0.0,nan
102,37,0.0009965763476218225,0.0,nan
102,38,0.0015278659357453334,0.1875,nan
102,39,0.0005335800046823259,0.0,nan
102,40,0.00024115196063490192,0.0,nan
102,41,0.00027667688655500313,0.0,nan
102,42,0.00026166532294562793,0.0,nan
102,43,0.0003032762959079476,0.0,nan
102,44,0.0003647968094178176,0.0,nan
102,45,0.00031654597486999354,0.0,nan
102,46,0.00024656919035520206,0.0,nan
102,47,0.0009317157198000396,0.0625,nan
102,48,0.00033651675363098957,0.0,nan
102,49,0.00017785294509924435,0.0,nan
102,50,0.00012074684460045258,0.0,nan
102,51,0.0007182487249118636,0.0,nan
102,52,0.0001460286096238343,0.0,nan
102,53,0.0007766682763132197,0.0,nan
102,54,0.0002073289858768292,0.0,nan
102,55,0.0003815104663100435,0.0,nan
102,56,0.0001343545061176682,0.0,nan
102,57,0.0004935491598099906,0.0,nan
102,58,0.00047140148062178064,0.0,nan
102,59,0.0008634687286640224,0.0,nan
102,60,0.0005902832916008668,0.0625,nan
102,61,0.0005980314735322279,0.0,nan
102,62,0.0013360576416738272,0.0,nan
102,63,0.00015922444553623518,0.0,nan
102,64,0.002431989435999815,0.0625,nan
102,65,0.0009384412626104071,0.0625,nan
102,66,0.0004330912762078769,0.0,nan
102,67,0.0003786563687307072,0.0,nan
102,68,0.0004298336053707041,0.0,nan
102,69,0.0002503130272028149,0.0,nan
102,70,0.00019615085621209767,0.0,nan
102,71,4.116636932467298e-05,0.0,nan
102,72,0.00040101107161939986,0.0,nan
102,73,0.0001731138628759885,0.0,nan
102,74,0.00022091740588876354,0.0,nan
102,75,0.0003317313332420757,0.0,nan
102,76,0.009651953338622697,0.125,nan
102,77,0.00013843028564383084,0.0,nan
102,78,0.00034404204690150495,0.0,nan
102,79,0.0026919670270285617,0.25,nan
102,80,7.86401970887624e-05,0.0,nan
102,81,0.00013005349979125752,0.0,nan
102,82,0.0017094865277978019,0.0,nan
102,83,0.00015348448125426648,0.0,nan
102,84,0.0003115446598517,0.0,nan
102,85,0.0002977078830890815,0.0,nan
102,86,0.00013275806287568469,0.0,nan
102,87,0.0005415645203240332,0.0,nan
102,88,6.521556743026629e-05,0.0,nan
102,89,8.171228750601477e-05,0.0,nan
102,90,0.0005379212358360602,0.0,nan
102,91,0.0002308147104975276,0.0,nan
102,92,0.0015913805628114306,0.0625,nan
102,93,0.00031953405608254356,0.0,nan
102,94,0.0002540226421601366,0.0,nan
102,95,3.3749227247270106e-05,0.0,nan
102,96,0.00039072200781720725,0.0,nan
102,97,0.00023707298204692448,0.0,nan
102,98,0.00036580141965828394,0.0,nan
102,99,0.0025324520665222358,0.125,nan
103,0,0.00014522479257820587,0.0,nan
103,1,0.00030981794753788457,0.0,nan
103,2,0.0002470106824634392,0.0,nan
103,3,0.00013747565804385337,0.0,nan
103,4,0.0002677738451268469,0.0,nan
103,5,0.022085211797295376,0.5625,nan
103,6,0.0001036501090737506,0.0,nan
103,7,0.0003123724903246676,0.0,nan
103,8,0.013911645659072679,0.4375,nan
103,9,0.0004318476134541428,0.0,nan
103,10,0.000187799200063342,0.0,nan
103,11,0.0002951879805406769,0.0,nan
103,12,0.00031875393766311096,0.0,nan
103,13,0.00043210412686592455,0.0,nan
103,14,0.011991786382305272,0.3125,nan
103,15,0.0005020395205950218,0.0,nan
103,16,0.008032544752574457,0.0625,nan
103,17,0.0009236572633190091,0.25,nan
103,18,0.00023845605084608492,0.0,nan
103,19,0.00013718797866307933,0.0,nan
103,20,7.756759685770979e-05,0.0,nan
103,21,0.00011653594566018196,0.0,nan
103,22,0.00010414808097262875,0.0,nan
103,23,0.0002732447002347689,0.0,nan
103,24,0.00011704959828077015,0.0,nan
103,25,0.00023372813797670644,0.0,nan
103,26,0.00021402259594072035,0.0,nan
103,27,0.0002575113810527831,0.0625,nan
103,28,0.00015597195439367127,0.0,nan
103,29,0.0001896154898070865,0.0,nan
103,30,0.00020948022402117174,0.0,nan
103,31,0.00019693622611120776,0.0,nan
103,32,0.0013456389184684262,0.0,nan
103,33,0.00038037190813552913,0.0,nan
103,34,0.0002700302007167007,0.0,nan
103,35,3.482546685531162e-05,0.0,nan
103,36,0.0002434900240649915,0.0,nan
103,37,0.00014120154286732036,0.0,nan
103,38,0.000538559140987185,0.0,nan
103,39,0.0002893479081506826,0.0,nan
103,40,0.00012911591149485172,0.0,nan
103,41,0.00033493560494800024,0.0,nan
103,42,0.00034281204780862713,0.0,nan
103,43,0.0002143841000160953,0.0,nan
103,44,0.0005559459422443118,0.0,nan
103,45,0.0035890567431857,0.3125,nan
103,46,8.86854808453139e-05,0.0,nan
103,47,0.00028346160854079034,0.0625,nan
103,48,0.0003811063235018824,0.0,nan
103,49,9.007995185803907e-05,0.0,nan
103,50,0.00013608058627414898,0.0,nan
103,51,1.8971781467640197e-05,0.0,nan
103,52,0.0005854641410533673,0.0,nan
103,53,0.00023013415677160568,0.0,nan
103,54,0.00012892048122765482,0.0,nan
103,55,0.00018579129652690967,0.0,nan
103,56,0.00019840418127539412,0.0,nan
103,57,0.0001259197670769973,0.0,nan
103,58,0.0003364792098084868,0.0,nan
103,59,0.00022202532444934105,0.0,nan
103,60,0.0002493233052719415,0.0,nan
103,61,4.2754587639212184e-05,0.0,nan
103,62,0.0005014862159555575,0.0,nan
103,63,0.00020001856706003998,0.0,nan
103,64,0.00016539029129670476,0.0,nan
103,65,0.0004972746589347805,0.0,nan
103,66,0.00015029953884187678,0.0,nan
103,67,0.00022570678268221353,0.0,nan
103,68,0.0006362959289344286,0.0,nan
103,69,4.7610234113041846e-05,0.0,nan
103,70,0.00040089559823570453,0.0,nan
103,71,0.0002875703791270246,0.0,nan
103,72,0.00024342139767708534,0.0,nan
103,73,0.02294124858753101,0.5,nan
103,74,0.0004508865824696902,0.0,nan
103,75,0.0003402528670033224,0.0,nan
103,76,0.0016516385982283423,0.0625,nan
103,77,0.00016842141540803792,0.0,nan
103,78,0.00022514660422964864,0.0,nan
103,79,0.00027998663312481817,0.0,nan
103,80,0.0002646243235597482,0.0,nan
103,81,0.0001259703632998623,0.0,nan
103,82,0.0004256895897197528,0.0,nan
103,83,0.0002460824726634474,0.0,nan
103,84,0.00011094751106166705,0.0,nan
103,85,0.00030400528705400414,0.0,nan
103,86,0.00022188967862708385,0.0,nan
103,87,0.00022147158303212778,0.0,nan
103,88,0.0002972110419619655,0.0,nan
103,89,0.00031438373299164617,0.0,nan
103,90,7.49935368014256e-05,0.0,nan
103,91,0.00025921960661561395,0.0,nan
103,92,9.617277381706488e-05,0.0,nan
103,93,0.00027354193842258506,0.0,nan
103,94,0.00022770075476689433,0.0,nan
103,95,0.00011405893889573588,0.0,nan
103,96,0.00027095122803126603,0.0,nan
103,97,0.011194095264570951,0.375,nan
103,98,0.00014082735785864351,0.0,nan
103,99,0.0013841545458625057,0.0,nan
104,0,0.00014895782156756167,0.0,nan
104,1,0.00026800521234171895,0.0,nan
104,2,0.00022133840785303435,0.0,nan
104,3,0.00024671769381702735,0.0,nan
104,4,0.00035677470911974206,0.0,nan
104,5,0.055010279506740214,0.6875,nan
104,6,0.00013205530246875296,0.0,nan
104,7,8.298693507919556e-05,0.0,nan
104,8,0.011221480472033137,0.1875,nan
104,9,9.076115011254871e-05,0.0,nan
104,10,0.00012949527193026686,0.0,nan
104,11,0.0001521017471402557,0.0,nan
104,12,0.0002685973284857651,0.0,nan
104,13,0.00011071322073932723,0.0,nan
104,14,0.00033954594427815926,0.0625,nan
104,15,0.00117646909491338,0.0,nan
104,16,0.015388323964666096,0.3125,nan
104,17,0.0013675049005073474,0.25,nan
104,18,0.0004307879157087609,0.0,nan
104,19,0.0001390271923711308,0.0,nan
104,20,0.00019650749161593498,0.0,nan
104,21,0.0001073055780513451,0.0,nan
104,22,0.000256971880647361,0.0,nan
104,23,0.00019332306920796493,0.0,nan
104,24,0.00012810400588006082,0.0,nan
104,25,0.00043326071574100074,0.0,nan
104,26,0.00011795179292714087,0.0,nan
104,27,0.0003576936860899597,0.0,nan
104,28,0.00030811961640494974,0.0,nan
104,29,9.394673092771692e-05,0.0,nan
104,30,0.0003308921909956381,0.0,nan
104,31,0.00021278834320830005,0.0,nan
104,32,0.00018867309608165182,0.0,nan
104,33,0.00026885239735794546,0.0,nan
104,34,0.00011738610415131499,0.0,nan
104,35,0.00013677874652699191,0.0,nan
104,36,0.00015214844829509216,0.0,nan
104,37,0.0003134879019938106,0.0,nan
104,38,0.000915540451457531,0.125,nan
104,39,0.00012829847564965096,0.0,nan
104,40,0.00027846359962577715,0.0,nan
104,41,8.083154762920044e-05,0.0,nan
104,42,0.00025451249256054945,0.0,nan
104,43,0.00013181153923604475,0.0,nan
104,44,0.00034141158268708707,0.0,nan
104,45,0.0702146136851041,0.8125,nan
104,46,7.356611679915995e-05,0.0,nan
104,47,0.061278465261518755,0.875,nan
104,48,0.00011888485782919511,0.0,nan
104,49,0.0002592521010798673,0.0,nan
104,50,0.00011644005771002276,0.0,nan
104,51,0.00025478572330773743,0.0,nan
104,52,8.420025051071632e-05,0.0,nan
104,53,0.00025438043550945235,0.0,nan
104,54,0.00014309402455903373,0.0,nan
104,55,8.626851035566105e-05,0.0,nan
104,56,0.00027507320614168535,0.0625,nan
104,57,0.00011579813222714557,0.0,nan
104,58,0.00038343340396570645,0.0,nan
104,59,0.00010944638423621175,0.0,nan
104,60,0.00014167129765497153,0.0,nan
104,61,0.00019186045925618887,0.0,nan
104,62,0.00031073934572576484,0.0625,nan
104,63,0.0004251405975275222,0.0,nan
104,64,0.0003375767246427433,0.0,nan
104,65,0.00037056130637991,0.0,nan
104,66,0.00021688553544371142,0.0,nan
104,67,0.0002944779937764794,0.0,nan
104,68,0.00019150370909688135,0.0,nan
104,69,0.0002684243085190188,0.0,nan
104,70,8.716448604440151e-05,0.0,nan
104,71,8.905239063802483e-05,0.0,nan
104,72,0.00012806342170884532,0.0,nan
104,73,0.0001425849645941008,0.0,nan
104,74,0.000602630509547424,0.0,nan
104,75,0.00031532302312779905,0.0,nan
104,76,0.0008034947821193744,0.0,nan
104,77,0.00020185793669178192,0.0,nan
104,78,0.00015932715292982187,0.0,nan
104,79,0.00020259416445086092,0.0,nan
104,80,0.0002701950189380176,0.0,nan
104,81,0.000167617017387649,0.0,nan
104,82,8.035225416568167e-05,0.0,nan
104,83,0.0006222301443659797,0.0,nan
104,84,0.0002229131790790596,0.0,nan
104,85,0.0003076312114123104,0.0,nan
104,86,0.0003206971496108373,0.0,nan
104,87,6.877656099408922e-05,0.0,nan
104,88,5.212834520713852e-05,0.0,nan
104,89,0.00025129129482535885,0.0,nan
104,90,0.00021457510716809585,0.0,nan
104,91,0.0006438239670759621,0.0,nan
104,92,0.000431973162456452,0.0,nan
104,93,0.0002806149446705373,0.0,nan
104,94,6.735950740399273e-05,0.0,nan
104,95,0.00022497626619412015,0.0,nan
104,96,9.608780966710305e-05,0.0,nan
104,97,0.0006529782292533728,0.0625,nan
104,98,7.890633289713922e-05,0.0,nan
104,99,0.00017049263353429854,0.0,nan
105,0,0.0002095531426043211,0.0,nan
105,1,9.369351435380789e-05,0.0,nan
105,2,0.00019512747806734712,0.0,nan
105,3,5.104285975520458e-05,0.0,nan
105,4,1.2557936231328324e-05,0.0,nan
105,5,0.0034292287330476754,0.3125,nan
105,6,0.00022664395920050587,0.0,nan
105,7,5.192006036345694e-05,0.0,nan
105,8,0.005220434395647686,0.3125,nan
105,9,0.000773408278162739,0.0,nan
105,10,8.878280835454894e-05,0.0,nan
105,11,6.061294016735878e-05,0.0,nan
105,12,0.00023031401153021742,0.0,nan
105,13,0.016587227779218897,0.5,nan
105,14,0.00026455829336959096,0.0,nan
105,15,0.0008036269839663951,0.0,nan
105,16,0.01193414456594511,0.125,nan
105,17,0.00014214695441530287,0.0,nan
105,18,0.00020812121000415672,0.0,nan
105,19,0.00037520301154139664,0.0,nan
105,20,0.00025405258231207784,0.0,nan
105,21,0.0002504704053309585,0.0,nan
105,22,0.005319946236852134,0.3125,nan
105,23,0.00016695962911323026,0.0,nan
105,24,0.0002171119619375962,0.0,nan
105,25,0.00032693055089368724,0.0,nan
105,26,0.00011111978399224378,0.0,nan
105,27,0.00015160540354655655,0.0,nan
105,28,7.234920274048158e-05,0.0,nan
105,29,0.0005023309155026359,0.0,nan
105,30,0.00023813374934753725,0.0,nan
105,31,0.0001364465639260334,0.0,nan
105,32,0.00029008224150800976,0.0,nan
105,33,0.00041562440276484965,0.0,nan
105,34,8.130724099083857e-05,0.0,nan
105,35,0.0005387033895501876,0.0625,nan
105,36,0.00024663767815862004,0.0,nan
105,37,0.00012174649764719618,0.0,nan
105,38,0.0010861779650019846,0.25,nan
105,39,0.00016521993039170701,0.0,nan
105,40,0.0008797936930641818,0.0,nan
105,41,0.00016328082330714663,0.0,nan
105,42,0.0001265767586201645,0.0,nan
105,43,0.00023533513541137063,0.0,nan
105,44,0.00024357409132514708,0.0,nan
105,45,0.00026593680036225676,0.125,nan
105,46,0.00014030496701522956,0.0,nan
105,47,0.026247609684260636,0.5625,nan
105,48,0.00015517685571100656,0.0,nan
105,49,0.0003517990465634298,0.0625,nan
105,50,0.00035991982665792966,0.0,nan
105,51,0.004262566520041066,0.1875,nan
105,52,0.0002618821799372588,0.0,nan
105,53,0.00016711109411801704,0.0,nan
105,54,0.00035026938825456874,0.0,nan
105,55,0.000447532847487546,0.0,nan
105,56,0.0004180583376521624,0.0,nan
105,57,0.0003093929061968226,0.0,nan
105,58,0.0002681174331574912,0.0,nan
105,59,0.00021831726362380686,0.0,nan
105,60,9.053289018031204e-05,0.0,nan
105,61,0.0002029879706927076,0.0,nan
105,62,2.962091784323068e-05,0.0,nan
105,63,0.0005183426594431173,0.0,nan
105,64,0.0011730429338896913,0.0,nan
105,65,0.00022748770890311233,0.0625,nan
105,66,0.00010448288138593893,0.0,nan
105,67,0.0002288408835774509,0.0,nan
105,68,0.000245077310206977,0.0,nan
105,69,0.0001259960079159471,0.0,nan
105,70,0.0002982801273220835,0.0,nan
105,71,7.29945213269607e-05,0.0,nan
105,72,0.0003410173215810454,0.0,nan
105,73,0.0007729776980598653,0.0625,nan
105,74,0.00016806723520682536,0.0,nan
105,75,0.0007101995247402147,0.0,nan
105,76,0.002096805876523696,0.3125,nan
105,77,0.0009924636964604564,0.0,nan
105,78,6.859796955525053e-05,0.0,nan
105,79,0.0002795354855032807,0.0,nan
105,80,0.00012916254162142837,0.0,nan
105,81,0.0002125173133797604,0.0,nan
105,82,0.00043650348977921174,0.0,nan
105,83,0.00021108339804982133,0.0,nan
105,84,0.00020129186615534497,0.0,nan
105,85,0.00047074398261448644,0.0,nan
105,86,0.000453733814145261,0.0,nan
105,87,9.042289213071663e-05,0.0,nan
105,88,1.4934697363323388e-05,0.0,nan
105,89,0.00043714618078037875,0.0,nan
105,90,0.0001238402944746973,0.0,nan
105,91,0.0002469850084401041,0.0,nan
105,92,0.00023568569081050775,0.0,nan
105,93,0.00012219073031884652,0.0,nan
105,94,8.269234558382183e-05,0.0,nan
105,95,0.00012308480951513714,0.0,nan
105,96,0.0001172998815994576,0.0,nan
105,97,0.00038581211932699015,0.0,nan
105,98,0.00016332140643600753,0.0,nan
105,99,9.284249890083584e-05,0.0,nan
106,0,0.00011364197142012527,0.0,nan
106,1,0.00019401780618569564,0.0,nan
106,2,0.0002266267343431593,0.0,nan
106,3,0.0027686504900171,0.25,nan
106,4,0.0001274700632146088,0.0,nan
106,5,8.055539529512507e-05,0.0,nan
106,6,0.00031674942208624005,0.0,nan
106,7,0.00027404591710115364,0.0,nan
106,8,0.007136844175839103,0.1875,nan
106,9,0.0003408921867448634,0.0,nan
106,10,0.00015564941182963447,0.0,nan
106,11,0.0002213062769670277,0.0,nan
106,12,0.0001698339899227817,0.0,nan
106,13,0.000133584507167372,0.0,nan
106,14,0.011169433885446821,0.4375,nan
106,15,0.0007321482307154484,0.0,nan
106,16,0.014836576734460505,0.1875,nan
106,17,0.01772159235798067,0.5,nan
106,18,0.0001372048487184856,0.0,nan
106,19,0.0009006034581376256,0.0,nan
106,20,8.116232435577596e-05,0.0,nan
106,21,0.00024293830345640697,0.0,nan
106,22,0.0002847353972086823,0.0,nan
106,23,8.205424101093922e-05,0.0,nan
106,24,0.00016568826795320969,0.0,nan
106,25,0.0001811026827521734,0.0,nan
106,26,0.000588226211923208,0.0,nan
106,27,0.0005191535608184733,0.0625,nan
106,28,8.11214389373422e-05,0.0,nan
106,29,0.0002306875469655507,0.0,nan
106,30,0.0003213610390547674,0.0,nan
106,31,0.0004983253984665542,0.0,nan
106,32,0.0005454381595900333,0.0625,nan
106,33,4.9238204700209046e-05,0.0,nan
106,34,0.00016692553987446973,0.0,nan
106,35,0.0005233055687451226,0.0,nan
106,36,0.0018242311657098373,0.125,nan
106,37,0.00028447619781080645,0.0,nan
106,38,0.00045048416582363945,0.125,nan
106,39,0.00031507395896567095,0.0,nan
106,40,9.095992483097132e-05,0.0,nan
106,41,0.0007940256478067915,0.0,nan
106,42,0.000333298138997479,0.0625,nan
106,43,0.00022990551640133326,0.0,nan
106,44,0.00015452558543729324,0.0,nan
106,45,6.566131343032475e-05,0.0,nan
106,46,0.00039311568129035603,0.0625,nan
106,47,9.681235213509725e-05,0.0,nan
106,48,0.00017744917350816797,0.0,nan
106,49,0.0007379935704959226,0.0625,nan
106,50,0.00019446605417269489,0.0,nan
106,51,0.00024694712224692257,0.0,nan
106,52,0.00021710253305632022,0.0,nan
106,53,0.00017475376743686667,0.0,nan
106,54,0.00011240861856156402,0.0,nan
106,55,0.00044952055000893555,0.0,nan
106,56,0.00012339772664834018,0.0,nan
106,57,0.00034639965183778964,0.0,nan
106,58,0.0002684516336499638,0.0,nan
106,59,9.046639771981613e-05,0.0,nan
106,60,0.00024118134221124375,0.0,nan
106,61,0.00018127705498207223,0.0,nan
106,62,0.00027029613569887233,0.0,nan
106,63,0.0001836935233887642,0.0,nan
106,64,0.0008060074832422708,0.0,nan
106,65,0.0002231148937553861,0.0,nan
106,66,9.052154029095505e-05,0.0,nan
106,67,0.00024957149010020936,0.0,nan
106,68,0.0005808818102170694,0.0625,nan
106,69,0.0001420131471736846,0.0,nan
106,70,8.55446490537985e-05,0.0,nan
106,71,3.311104569306111e-05,0.0,nan
106,72,0.00022064984294038663,0.0,nan
106,73,0.0008416666730944426,0.0,nan
106,74,0.00025056227368086076,0.0,nan
106,75,0.14556477933623824,1.0,nan
106,76,0.0006680734120620277,0.0,nan
106,77,0.00011409791336657935,0.0,nan
106,78,0.00018410967311452425,0.0,nan
106,79,0.00016467943859797664,0.0,nan
106,80,0.00017718027894426402,0.0,nan
106,81,0.0002912710201636178,0.0,nan
106,82,0.0002660992877087416,0.0,nan
106,83,0.00018487727127225483,0.0,nan
106,84,0.00012581461641129942,0.0,nan
106,85,0.00024232159341699527,0.0,nan
106,86,0.00010308447272995057,0.0,nan
106,87,0.0002084268024388869,0.0,nan
106,88,0.00025214560280084825,0.0,nan
106,89,0.00019941622161596514,0.0,nan
106,90,0.0004994086127157763,0.0,nan
106,91,8.945970372984321e-05,0.0,nan
106,92,0.00022305947738718028,0.0,nan
106,93,0.00012879289086881404,0.0,nan
106,94,0.00011066384865537919,0.0,nan
106,95,0.00020608395776416995,0.0,nan
106,96,9.456638314906602e-05,0.0,nan
106,97,0.00018186196177404364,0.125,nan
106,98,0.000708187413788185,0.0,nan
106,99,0.000323436723041138,0.0,nan
107,0,7.980599230733394e-05,0.0,nan
107,1,0.00018453473586219085,0.0,nan
107,2,7.472253246779857e-05,0.0,nan
107,3,0.00030834093410731845,0.0,nan
107,4,0.00042812407587039145,0.0,nan
107,5,0.0001933935716273279,0.0,nan
107,6,8.369003965007178e-05,0.0,nan
107,7,9.176812633629816e-05,0.0,nan
107,8,0.0005344692271619505,0.0,nan
107,9,0.0001015241863978564,0.0,nan
107,10,0.0001978396860638011,0.0,nan
107,11,0.00025654881330638534,0.0,nan
107,12,6.322053186538812e-05,0.0,nan
107,13,0.00011982033213398015,0.0,nan
107,14,0.0003018009094768272,0.0,nan
107,15,0.0009930347562452022,0.125,nan
107,16,0.015030336572098242,0.25,nan
107,17,0.02642127368826841,0.5625,nan
107,18,7.205889033128857e-05,0.0,nan
107,19,0.00022015606704187108,0.0,nan
107,20,0.00034755452762101516,0.0,nan
107,21,7.125767336110945e-05,0.0,nan
107,22,0.00016322628875719165,0.0,nan
107,23,0.00010179469661609086,0.0,nan
107,24,0.00016432303938866693,0.0,nan
107,25,0.00010177170789046368,0.0,nan
107,26,4.414681027007483e-05,0.0,nan
107,27,0.00019083929651445887,0.0,nan
107,28,0.00013722381080196453,0.0,nan
107,29,4.479947702003232e-05,0.0,nan
107,30,5.253775320842627e-05,0.0,nan
107,31,0.00014909491317745038,0.0,nan
107,32,0.0004000704177301943,0.0,nan
107,33,0.00012480769839921465,0.0,nan
107,34,0.0006868386997528858,0.0,nan
107,35,0.0002740636542417741,0.0,nan
107,36,0.00026711732876622804,0.0,nan
107,37,0.00017331349116338817,0.0,nan
107,38,3.797896977101658e-05,0.0,nan
107,39,0.0002311841507671886,0.0,nan
107,40,0.00027103344353414643,0.0,nan
107,41,0.0002257201832044593,0.0,nan
107,42,0.00014808570271381937,0.0,nan
107,43,0.000130404280343032,0.0,nan
107,44,0.0009171087166976121,0.0,nan
107,45,0.09508936646471375,1.0,nan
107,46,0.0001671272142163176,0.0,nan
107,47,0.00018754716540795446,0.0,nan
107,48,5.9494769363056875e-05,0.0,nan
107,49,0.00028998052262380525,0.0,nan
107,50,0.00016855045903339867,0.0,nan
107,51,0.0002182113028406313,0.0,nan
107,52,6.145263156992123e-05,0.0,nan
107,53,0.0003246658477891088,0.0,nan
107,54,0.0001332031380166745,0.0,nan
107,55,0.00016297252135547572,0.0,nan
107,56,9.514893280511817e-05,0.0,nan
107,57,1.6416876512222063e-05,0.0,nan
107,58,0.0001422999448108945,0.0,nan
107,59,6.971896803557859e-05,0.0,nan
107,60,0.00022053832762732536,0.0,nan
107,61,0.0001862105964401564,0.0,nan
107,62,0.00011494963091370598,0.0,nan
107,63,0.00015942870672742949,0.0,nan
107,64,0.000363884583826299,0.0,nan
107,65,9.079626832555333e-05,0.0,nan
107,66,0.0002063668839996017,0.0,nan
107,67,0.000111952394125147,0.0,nan
107,68,0.00040020976884752276,0.0,nan
107,69,0.0004566196295067487,0.0,nan
107,70,0.0001882472551674486,0.0,nan
107,71,0.00020193154253698233,0.0,nan
107,72,0.00015780985390755512,0.0,nan
107,73,0.12912830567848474,0.9375,nan
107,74,0.0001623511615847344,0.0,nan
107,75,8.844749162475741e-05,0.0,nan
107,76,0.0022487830525648135,0.125,nan
107,77,0.00032893862893972536,0.0,nan
107,78,0.00015031578046141732,0.0,nan
107,79,0.00016931703190756258,0.0,nan
107,80,0.0001738756424808091,0.0,nan
107,81,0.00014125566703053287,0.0,nan
107,82,0.00026142373136405015,0.0,nan
107,83,0.0003901547465341418,0.0,nan
107,84,0.00017275931238603287,0.0,nan
107,85,9.362328292951355e-05,0.0,nan
107,86,6.151644131835859e-05,0.0,nan
107,87,0.0001547814868565621,0.0,nan
107,88,0.00014524374372529983,0.0,nan
107,89,7.119850599554529e-05,0.0,nan
107,90,0.00024387026350416075,0.0,nan
107,91,0.0003166417238111086,0.0,nan
107,92,7.909474078490838e-05,0.0,nan
107,93,0.00015164922735230485,0.0,nan
107,94,0.0003566478853503978,0.0625,nan
107,95,0.00027478910965482846,0.0,nan
107,96,7.544897051152942e-05,0.0,nan
107,97,0.0004050227658095254,0.0,nan
107,98,0.0007434084383792646,0.0,nan
107,99,0.00039485744621857975,0.0,nan
108,0,0.00011323682492393186,0.0,nan
108,1,6.228824157966981e-05,0.0,nan
108,2,0.00048239725086485935,0.0,nan
108,3,0.00018223274713818332,0.0,nan
108,4,8.814993438550976e-05,0.0,nan
108,5,0.000444993095542259,0.125,nan
108,6,0.00026617578542173677,0.0,nan
108,7,0.0001039086063550932,0.0,nan
108,8,0.0010601661921009913,0.0,nan
108,9,0.00010651264437367531,0.0,nan
108,10,0.00013923440719640232,0.0,nan
108,11,8.892657437114596e-05,0.0,nan
108,12,0.00010672217432355333,0.0,nan
108,13,0.00044147069204040503,0.0625,nan
108,14,0.0007336879915984156,0.0625,nan
108,15,0.005286603811231262,0.25,nan
108,16,0.013716632116438457,0.3125,nan
108,17,0.04725067821418462,0.75,nan
108,18,0.00021915893652928325,0.0,nan
108,19,0.0003113594618899314,0.0,nan
108,20,0.00023303581991936833,0.0,nan
108,21,9.113697400045053e-05,0.0,nan
108,22,0.0003561928831836606,0.0625,nan
108,23,0.0002043629517751806,0.0,nan
108,24,0.00027593274417752624,0.0,nan
108,25,0.0002978661131435538,0.0,nan
108,26,0.0001672028889720735,0.0,nan
108,27,0.0002921737109189687,0.0,nan
108,28,0.0002541479309177577,0.0,nan
108,29,9.519129302173676e-05,0.0,nan
108,30,0.0003343282270748438,0.0,nan
108,31,0.0002496190066699364,0.0,nan
108,32,0.0003805447578360551,0.0,nan
108,33,0.0001709222825883972,0.0,nan
108,34,0.00028155754681252775,0.0,nan
108,35,0.00013060898858214157,0.0,nan
108,36,0.0004141557292948912,0.0,nan
108,37,0.00036957313642214495,0.0,nan
108,38,0.0002280759931621679,0.0,nan
108,39,4.3571327767044646e-05,0.0,nan
108,40,0.00017665899084740597,0.0,nan
108,41,0.0008418110710889115,0.0,nan
108,42,0.00021668151652916236,0.0,nan
108,43,0.00019088216155911918,0.0,nan
108,44,0.0005663138938630538,0.0,nan
108,45,0.05853309687212528,0.625,nan
108,46,7.919605952762723e-05,0.0,nan
108,47,0.0005302163666449086,0.0,nan
108,48,0.00015663715510878953,0.0,nan
108,49,0.0004076422894430941,0.0,nan
108,50,0.0002878543766584652,0.0,nan
108,51,9.985663934406063e-05,0.0,nan
108,52,0.00025121611528233724,0.0,nan
108,53,0.00040361116034432127,0.0,nan
108,54,0.0003635537846804859,0.0,nan
108,55,0.00016124613071423927,0.0,nan
108,56,0.00041856717556509594,0.0,nan
108,57,0.0002833748090340915,0.0,nan
108,58,0.0007280337211689279,0.0,nan
108,59,0.00018216851527494586,0.0,nan
108,60,0.0002588826931950663,0.0,nan
108,61,0.0005208614562365978,0.0,nan
108,62,9.297018963661156e-05,0.0,nan
108,63,7.894184796459733e-05,0.0,nan
108,64,0.000677967880618551,0.0,nan
108,65,0.00031803423606635854,0.0,nan
108,66,0.00043745682846512996,0.0,nan
108,67,7.922605155200128e-05,0.0,nan
108,68,0.0001767201586623585,0.0,nan
108,69,0.0007454054668007334,0.125,nan
108,70,0.0001582885089472561,0.0,nan
108,71,0.0005061000018438058,0.0,nan
108,72,0.00014244876077538034,0.0,nan
108,73,0.07616269094963579,0.9375,nan
108,74,0.0001267162032917378,0.0,nan
108,75,8.924365030123192e-05,0.0,nan
108,76,0.002167222905079565,0.0625,nan
108,77,0.0004087456792914589,0.0,nan
108,78,0.0001895828892205811,0.0,nan
108,79,0.00029253765665360356,0.0,nan
108,80,0.0005040802632920298,0.0,nan
108,81,9.574254260189983e-05,0.0,nan
108,82,3.9117112461743834e-05,0.0,nan
108,83,0.00025355722296286005,0.0,nan
108,84,0.00010728863516838545,0.0,nan
108,85,0.00021062049836901252,0.0625,nan
108,86,0.00027346493237861893,0.0,nan
108,87,0.00018128725976141033,0.0,nan
108,88,8.696676637753071e-05,0.0,nan
108,89,0.00020935625773943088,0.0,nan
108,90,0.0003925817763703863,0.0,nan
108,91,0.00014535536454774898,0.0,nan
108,92,0.0001492562985900623,0.0,nan
108,93,0.00017011810149732156,0.0,nan
108,94,0.0001520433499932669,0.0,nan
108,95,0.000261158612175372,0.0,nan
108,96,0.0001746472349576987,0.0,nan
108,97,0.00041094976424604256,0.0,nan
108,98,0.00018750867706597167,0.0,nan
108,99,0.00020223310628022986,0.0,nan
109,0,7.88743573817286e-05,0.0,nan
109,1,0.00013623678809639422,0.0,nan
109,2,0.00034570859801505655,0.0,nan
109,3,0.00017737145006120782,0.0,nan
109,4,0.00017843667769735415,0.0,nan
109,5,0.0003750091653701685,0.0,nan
109,6,6.857626890768983e-05,0.0,nan
109,7,0.000131396217357655,0.0,nan
109,8,0.0005167596400690523,0.0,nan
109,9,0.00028287590546648627,0.0,nan
109,10,0.00015554188336014613,0.0,nan
109,11,0.00012833024258978773,0.0,nan
109,12,0.00013506893854167985,0.0,nan
109,13,0.0001307616529694209,0.0,nan
109,14,0.0002701556242337038,0.0,nan
109,15,0.0003777205411396744,0.0,nan
109,16,0.012557125505346914,0.1875,nan
109,17,0.047925618219699206,0.75,nan
109,18,6.750395196454542e-05,0.0,nan
109,19,0.00010035366216901048,0.0,nan
109,20,0.0001257776770727201,0.0,nan
109,21,0.000163588776633989,0.0,nan
109,22,0.00018851473174783234,0.0,nan
109,23,0.00024968504936823057,0.0,nan
109,24,0.00012855383879501018,0.0,nan
109,25,0.0005662607264915517,0.0,nan
109,26,0.00020966429850101718,0.0,nan
109,27,0.0003172272133490138,0.0,nan
109,28,0.00011705573434042494,0.0,nan
109,29,0.00017652586397862017,0.0,nan
109,30,8.834045053693519e-05,0.0,nan
109,31,0.00010498211396624035,0.0,nan
109,32,0.0008239866498376172,0.0625,nan
109,33,0.00023102552601511291,0.0,nan
109,34,0.00015913428532753196,0.0,nan
109,35,0.00017049968979046092,0.0,nan
109,36,0.010930680152513582,0.0625,nan
109,37,5.717202156549839e-05,0.0,nan
109,38,0.0002217707919584624,0.0,nan
109,39,0.0002274581697723974,0.0,nan
109,40,0.0001451277870207385,0.0,nan
109,41,0.00019398655547127748,0.0,nan
109,42,9.62664127470532e-05,0.0,nan
109,43,0.0002043348470010407,0.0,nan
109,44,8.432204635082626e-05,0.0,nan
109,45,0.18279513303888634,1.0,nan
109,46,0.00011723852291546365,0.0,nan
109,47,8.524555989535885e-05,0.0,nan
109,48,0.00013871625243023708,0.0,nan
109,49,0.0008924028993683995,0.0625,nan
109,50,0.0002567258329141,0.0,nan
109,51,0.0001254138469056601,0.0,nan
109,52,0.00019201446587682739,0.0,nan
109,53,0.00030391224894016274,0.0,nan
109,54,0.00014020438802862765,0.0,nan
109,55,0.0002852936843641613,0.0,nan
109,56,4.1442058745628114e-05,0.0,nan
109,57,0.0001586571439223524,0.0,nan
109,58,0.00024161778124208905,0.0,nan
109,59,0.0001102095526504191,0.0,nan
109,60,0.0004200918140557712,0.0,nan
109,61,0.00012914593998109532,0.0,nan
109,62,0.00019661581412762266,0.0,nan
109,63,0.00011126530405069993,0.0,nan
109,64,0.00026152670150923177,0.0,nan
109,65,0.00036029299236318827,0.0,nan
109,66,0.0001465334026563654,0.0,nan
109,67,3.941926105145348e-05,0.0,nan
109,68,6.979224610134712e-05,0.0,nan
109,69,0.00021139062741397092,0.0,nan
109,70,0.00021280324417334215,0.0,nan
109,71,0.00015148854017322394,0.0,nan
109,72,8.994097836483767e-05,0.0,nan
109,73,0.014445849658825725,0.375,nan
109,74,0.0003952645042345922,0.0,nan
109,75,0.00018857964541939796,0.0,nan
109,76,0.00014981390387842832,0.0,nan
109,77,0.00020468806057121576,0.0,nan
109,78,0.00017940258507109493,0.0,nan
109,79,8.566429522893777e-05,0.0,nan
109,80,7.233174728191856e-05,0.0,nan
109,81,0.00012220401986342004,0.0,nan
109,82,0.00034177175130074676,0.0,nan
109,83,4.285347928433492e-05,0.0,nan
109,84,9.21969807553099e-05,0.0,nan
109,85,0.0002220510094572877,0.0,nan
109,86,0.00012848277022641536,0.0,nan
109,87,4.403658928892404e-05,0.0,nan
109,88,5.711695366746303e-05,0.0,nan
109,89,0.0001339037834191483,0.0,nan
109,90,0.00012766667191567622,0.0,nan
109,91,0.00017968070971796196,0.0,nan
109,92,0.00010214340633473577,0.0,nan
109,93,3.9326577487406225e-05,0.0,nan
109,94,0.00024085946346073927,0.0,nan
109,95,0.00015846714046619513,0.0,nan
109,96,0.00028465428115258994,0.0,nan
109,97,0.0001697741528348595,0.0,nan
109,98,0.00044795059987464065,0.0,nan
109,99,0.00012090171021804955,0.0,nan
110,0,0.00016480541817831784,0.0,nan
110,1,0.000250361295466357,0.0,nan
110,2,0.00024231569546455075,0.0,nan
110,3,9.826389806345988e-05,0.0,nan
110,4,9.722316791693333e-05,0.0,nan
110,5,0.0017613776800416096,0.0,nan
110,6,6.372410622846468e-05,0.0,nan
110,7,2.6832729478199515e-05,0.0,nan
110,8,0.0009828047709534399,0.0625,nan
110,9,0.00012540458301197276,0.0,nan
110,10,0.0003051929302008674,0.0,nan
110,11,0.0001765947706754853,0.0,nan
110,12,0.0002869869176749122,0.0,nan
110,13,0.00022572888013961144,0.0,nan
110,14,0.00015179734200172464,0.0,nan
110,15,0.0003088314001094998,0.0,nan
110,16,0.019736146727861302,0.5,nan
110,17,0.018728458226172244,0.5,nan
110,18,5.133853198784881e-05,0.0,nan
110,19,0.00012049756740890375,0.0,nan
110,20,0.00023231799952394785,0.0,nan
110,21,0.0001430696005630887,0.0,nan
110,22,0.0021088286625651764,0.125,nan
110,23,0.00040862676495924806,0.0,nan
110,24,0.00016960183079151392,0.0,nan
110,25,0.00041393078724965383,0.0,nan
110,26,0.0002088922562190891,0.0,nan
110,27,0.00013723866397923837,0.0,nan
110,28,0.00018495564204276102,0.0,nan
110,29,0.00021852229583713871,0.0,nan
110,30,8.879950490680498e-05,0.0,nan
110,31,6.648418060671888e-05,0.0,nan
110,32,0.00025623078049744416,0.0,nan
110,33,0.0001247597861244157,0.0,nan
110,34,0.0001591912379599145,0.0,nan
110,35,0.00014618470784660178,0.0,nan
110,36,0.0008254166857567204,0.0,nan
110,37,0.00020926102478295317,0.0,nan
110,38,0.0003488356116953593,0.0,nan
110,39,0.00015201032740513892,0.0,nan
110,40,0.00013900405950965792,0.0,nan
110,41,6.62696536868665e-05,0.0,nan
110,42,0.0002635812421437736,0.0,nan
110,43,6.537729490331646e-05,0.0,nan
110,44,0.00029555058316034385,0.0,nan
110,45,0.09798166197822475,0.625,nan
110,46,9.347422042175583e-05,0.0,nan
110,47,0.009875679687559922,0.4375,nan
110,48,0.00011505642076060303,0.0,nan
110,49,0.00019081238883831693,0.0,nan
110,50,0.0002797896982282716,0.0,nan
110,51,0.0006697408836017235,0.0,nan
110,52,9.597101671165309e-05,0.0,nan
110,53,0.00013662320134479467,0.0,nan
110,54,0.0001338749843633511,0.0,nan
110,55,0.00012300742878040925,0.0,nan
110,56,0.00037666497590138886,0.0625,nan
110,57,0.0003138614907141822,0.0,nan
110,58,0.00018701258824051177,0.0,nan
110,59,0.00023080420830600047,0.0,nan
110,60,0.0003540540923856159,0.0,nan
110,61,0.0005534492372209919,0.0,nan
110,62,0.00028590479285070443,0.0,nan
110,63,0.0001647845322592061,0.0,nan
110,64,0.0007293390415581295,0.0,nan
110,65,0.00019626197957328358,0.0,nan
110,66,2.054618768869432e-05,0.0,nan
110,67,0.00020315382690826717,0.0,nan
110,68,0.0001512474393832828,0.0,nan
110,69,0.00048422031282364865,0.0,nan
110,70,0.0002616866360219721,0.0,nan
110,71,0.00011104920253806905,0.0,nan
110,72,0.00024350530834814005,0.0,nan
110,73,0.014169107181287301,0.375,nan
110,74,0.00017514491767169332,0.0,nan
110,75,0.00027314379659235317,0.0625,nan
110,76,0.0011501713324923069,0.0625,nan
110,77,7.931911026020231e-05,0.0,nan
110,78,0.00014231015808897104,0.0,nan
110,79,0.00047244433836589214,0.0,nan
110,80,0.00013155262757951134,0.0,nan
110,81,0.00013332888567663928,0.0,nan
110,82,0.00017596329687351927,0.0,nan
110,83,0.0001294312896226595,0.0,nan
110,84,0.00016173209717864164,0.0,nan
110,85,0.00022468169048378534,0.0,nan
110,86,0.00017007702166279252,0.0,nan
110,87,0.00018201359388919132,0.0,nan
110,88,0.00016151827869692576,0.0,nan
110,89,0.00022935810862271757,0.0,nan
110,90,4.035756858337559e-05,0.0,nan
110,91,0.000136661317799149,0.0,nan
110,92,6.356106406685041e-05,0.0,nan
110,93,0.00012278223253645831,0.0,nan
110,94,0.00023238925784890152,0.0,nan
110,95,0.00045497831505308495,0.0,nan
110,96,0.00012920981872152957,0.0,nan
110,97,0.001699325105740604,0.0,nan
110,98,0.0001791587074028159,0.0,nan
110,99,0.00011836343177893111,0.0,nan
111,0,0.0001238764061464115,0.0,nan
111,1,0.00019039035470064318,0.0,nan
111,2,0.00014521484654873222,0.0,nan
111,3,0.0005602137076438529,0.0,nan
111,4,0.0002119069888459314,0.0,nan
111,5,0.0010927691935549936,0.1875,nan
111,6,0.00032391483266441454,0.0,nan
111,7,9.444931686616687e-05,0.0,nan
111,8,0.006754182969546468,0.25,nan
111,9,0.0001688738489653705,0.0,nan
111,10,0.00022039501091599756,0.0,nan
111,11,0.000326777067966041,0.0,nan
111,12,9.090453995142187e-05,0.0,nan
111,13,0.00019507203766723778,0.0,nan
111,14,0.009557561664516621,0.3125,nan
111,15,0.0006126611255842557,0.0,nan
111,16,0.014822820956662614,0.375,nan
111,17,9.163370824859585e-05,0.125,nan
111,18,0.00029620730667847216,0.0,nan
111,19,9.778854740240066e-05,0.0,nan
111,20,0.0004981404734070977,0.0,nan
111,21,0.0003601426061479059,0.0,nan
111,22,0.005358452664685072,0.1875,nan
111,23,0.00014709892598489675,0.0,nan
111,24,0.000186129047573215,0.0,nan
111,25,0.00024992059304739997,0.0,nan
111,26,0.00013404255974747614,0.0,nan
111,27,5.6240136568855885e-05,0.0,nan
111,28,0.0002331175496296604,0.0,nan
111,29,0.0003082777009782364,0.0,nan
111,30,0.00038666482859931893,0.0,nan
111,31,0.00010096608546839299,0.0,nan
111,32,0.0001015954231734174,0.0,nan
111,33,0.0005412899329124463,0.0,nan
111,34,0.00027618674464716477,0.0,nan
111,35,0.00019182496692271762,0.0,nan
111,36,0.00041773663161008166,0.0,nan
111,37,0.00013100818073680075,0.0,nan
111,38,0.0520924889250322,0.625,nan
111,39,9.452378624356787e-05,0.0,nan
111,40,0.0004440376075193223,0.0,nan
111,41,0.00019520536142355655,0.0,nan
111,42,0.000712836066053459,0.0,nan
111,43,0.00018627929319612943,0.0,nan
111,44,0.0003794650287659012,0.0,nan
111,45,0.0006247984009332117,0.1875,nan
111,46,8.68607179290955e-05,0.0,nan
111,47,0.0006027461807253481,0.125,nan
111,48,5.228247901430304e-05,0.0,nan
111,49,0.00028747851704577975,0.0,nan
111,50,0.0004493433450905033,0.0,nan
111,51,0.00010462673182442463,0.0,nan
111,52,0.0002770160448199014,0.0,nan
111,53,0.0006846762808334748,0.0,nan
111,54,5.859692122589749e-05,0.0,nan
111,55,0.00027458160084468085,0.0,nan
111,56,0.0002470852880547942,0.0,nan
111,57,0.0004063046580804639,0.0,nan
111,58,0.00019093881174004807,0.0,nan
111,59,0.00013855557152600705,0.0,nan
111,60,0.00012669774118280268,0.0,nan
111,61,8.405214819122279e-05,0.0,nan
111,62,6.78490967519734e-05,0.0,nan
111,63,0.00011726187436534701,0.0,nan
111,64,0.00035519171526909166,0.0,nan
111,65,0.0009533573491729267,0.0,nan
111,66,0.0008075324184192427,0.0,nan
111,67,0.0003649142289093411,0.0,nan
111,68,0.00012591021048961157,0.0,nan
111,69,9.345491376412413e-05,0.0,nan
111,70,0.00014546857744701365,0.0,nan
111,71,0.00014722690717751158,0.0,nan
111,72,0.00016349860368318876,0.0,nan
111,73,0.005166643986023953,0.375,nan
111,74,0.00023367929755921103,0.0,nan
111,75,0.00020220760371214433,0.0,nan
111,76,0.004026919677273918,0.1875,nan
111,77,0.00035823330164962467,0.0,nan
111,78,0.0003020478530402845,0.0,nan
111,79,0.00038801139214523974,0.0,nan
111,80,8.48672390465376e-05,0.0,nan
111,81,0.0002044311405608688,0.0,nan
111,82,0.0009601940050484777,0.0,nan
111,83,0.0004574823193499655,0.0,nan
111,84,0.00044485765297498,0.0,nan
111,85,0.00012083376587756776,0.0,nan
111,86,0.0001628135823577839,0.0,nan
111,87,0.0003697303581495758,0.0,nan
111,88,0.000327790128015312,0.0,nan
111,89,9.496193380309559e-05,0.0,nan
111,90,0.00022807474602192632,0.0,nan
111,91,0.00031962953110675204,0.0,nan
111,92,9.549227748836989e-05,0.0,nan
111,93,0.00011347109927610367,0.0,nan
111,94,0.0002883495936679687,0.0,nan
111,95,0.00012053951359255452,0.0,nan
111,96,0.000306506885295221,0.0,nan
111,97,0.0005304071480252408,0.0,nan
111,98,0.00019601040747933656,0.0,nan
111,99,0.0010029213407337038,0.0,nan
112,0,0.0001260382295530124,0.0,nan
112,1,0.00014803158343813192,0.0,nan
112,2,0.0001252265427181898,0.0,nan
112,3,0.0021871561996529626,0.0625,nan
112,4,3.032678195801371e-05,0.0,nan
112,5,0.00011797552410839214,0.0,nan
112,6,0.00011302129050570718,0.0,nan
112,7,0.00016064752342885127,0.0,nan
112,8,0.0005212113562012798,0.0,nan
112,9,0.00029710007042972337,0.0,nan
112,10,6.0400758701809905e-05,0.0,nan
112,11,2.0067607728189075e-05,0.0,nan
112,12,7.968889890852619e-05,0.0,nan
112,13,0.00015654449045003003,0.0,nan
112,14,0.00012830359719990145,0.0,nan
112,15,0.00027958728451998757,0.0,nan
112,16,0.02916068063491607,0.625,nan
112,17,0.059716555271912414,0.9375,nan
112,18,0.0001376272767126181,0.0,nan
112,19,0.00016467956234128466,0.0,nan
112,20,0.00010974989955257552,0.0,nan
112,21,0.00010700838831831518,0.0,nan
112,22,0.0001338148820410782,0.0,nan
112,23,6.533229539882487e-05,0.0,nan
112,24,0.00045610564202777247,0.0,nan
112,25,1.1507542409660259e-05,0.0,nan
112,26,0.0002675125471449871,0.0,nan
112,27,0.0002151065995052381,0.0,nan
112,28,4.740022355979351e-05,0.0,nan
112,29,0.0001913366193573399,0.0,nan
112,30,0.0002770835252517503,0.0,nan
112,31,4.2817763925440226e-05,0.0,nan
112,32,0.0006325085253787042,0.0,nan
112,33,0.0006988503331904211,0.125,nan
112,34,0.00013136053691041068,0.0,nan
112,35,0.00017213459119004568,0.0,nan
112,36,0.00017985863588117044,0.0,nan
112,37,0.00010017093301948707,0.0,nan
112,38,0.00020409982310438685,0.0,nan
112,39,0.00016036014963472384,0.0,nan
112,40,0.0002440836387342008,0.0,nan
112,41,0.00020924301333144854,0.0,nan
112,42,0.0003284707198781712,0.0,nan
112,43,0.00013966745705956283,0.0,nan
112,44,0.00012269276130731638,0.0,nan
112,45,0.2060198055880244,1.0,nan
112,46,0.00016986840795515712,0.0,nan
112,47,0.015418774178174239,0.375,nan
112,48,0.00011033003902228793,0.0,nan
112,49,0.00011201295615527953,0.0,nan
112,50,0.00023896345708889958,0.0,nan
112,51,0.00010808111098247925,0.0,nan
112,52,5.919754177230104e-05,0.0,nan
112,53,0.00010870515379805107,0.0,nan
112,54,0.00022975476601323232,0.0,nan
112,55,0.0001387390174815585,0.0,nan
112,56,0.0002841522122194188,0.0,nan
112,57,8.121049508018571e-05,0.0,nan
112,58,8.891530782383143e-05,0.0,nan
112,59,4.857016791795022e-05,0.0,nan
112,60,0.00014088535066090905,0.0,nan
112,61,3.52762227555927e-05,0.0,nan
112,62,7.74612543464211e-05,0.0,nan
112,63,0.00014904167564646704,0.0,nan
112,64,0.00019956058056579208,0.0,nan
112,65,0.00014257546201379678,0.0,nan
112,66,0.0002789673023917138,0.0,nan
112,67,0.00045837303743772256,0.0,nan
112,68,7.399752022964882e-05,0.0,nan
112,69,0.00015584482553668565,0.0,nan
112,70,7.06836428030966e-05,0.0,nan
112,71,8.047997094532742e-05,0.0,nan
112,72,4.788358886474367e-05,0.0,nan
112,73,0.0006531000706646902,0.0,nan
112,74,0.00014722212488542846,0.0,nan
112,75,0.000260688408437433,0.125,nan
112,76,0.00023720565144058408,0.0,nan
112,77,0.00010197572194706766,0.0,nan
112,78,0.00018822243439225466,0.0,nan
112,79,5.4876361380283304e-05,0.0,nan
112,80,0.00013661101370886805,0.0,nan
112,81,0.00015306771456769918,0.0,nan
112,82,0.0001350359125434241,0.0,nan
112,83,4.408822781588877e-05,0.0,nan
112,84,0.0003278028435160091,0.0,nan
112,85,0.0002648693778992162,0.0,nan
112,86,0.00012410413352324323,0.0,nan
112,87,7.087116036571598e-05,0.0,nan
112,88,0.00014983850792141837,0.0,nan
112,89,4.531940661433819e-05,0.0,nan
112,90,8.929325876207259e-05,0.0,nan
112,91,0.00014633508572967297,0.0,nan
112,92,0.0001438954336781693,0.0,nan
112,93,5.8736707568103516e-05,0.0,nan
112,94,5.384102949410966e-05,0.0,nan
112,95,0.0003078547676266854,0.0,nan
112,96,7.364545253769992e-05,0.0,nan
112,97,8.02549240523008e-05,0.0,nan
112,98,0.0001447206023652854,0.0,nan
112,99,0.00011443796196313436,0.0,nan
113,0,8.004487066214596e-05,0.0,nan
113,1,0.00010120372661380129,0.0,nan
113,2,0.00014853373533062496,0.0,nan
113,3,0.00018544031471798067,0.0,nan
113,4,0.00014614755022622207,0.0,nan
113,5,0.07579671304419491,0.875,nan
113,6,8.305119069835557e-05,0.0,nan
113,7,0.00015583495940346567,0.0,nan
113,8,0.03282737044529575,0.8125,nan
113,9,8.667443085158506e-05,0.0,nan
113,10,0.00020100804679837407,0.0,nan
113,11,0.00011205195841268434,0.0,nan
113,12,0.00025468523873547143,0.0,nan
113,13,0.0005229819156743728,0.0,nan
113,14,0.003417371129979296,0.25,nan
113,15,0.006903202362143769,0.4375,nan
113,16,0.013911728669975754,0.375,nan
113,17,0.00020717146174436223,0.0,nan
113,18,0.00017445438656450514,0.0,nan
113,19,6.528714716011756e-05,0.0,nan
113,20,0.00021443043902346224,0.0,nan
113,21,0.00010343520550159277,0.0,nan
113,22,0.0016492756033805746,0.0625,nan
113,23,0.0005264807161304826,0.125,nan
113,24,0.0001477781775912598,0.0,nan
113,25,0.000144068495620232,0.0,nan
113,26,0.00016592352919423027,0.0,nan
113,27,0.00020618996934419808,0.0,nan
113,28,0.0001344694838331596,0.0,nan
113,29,0.0002012533919465512,0.0,nan
113,30,0.00010600162884858501,0.0,nan
113,31,0.00023879454264676624,0.0,nan
113,32,0.00044669310428473093,0.0,nan
113,33,0.0002249729140145107,0.0,nan
113,34,0.0001323667998403374,0.0,nan
113,35,0.00012077546652645028,0.0,nan
113,36,0.00046300853907443244,0.0,nan
113,37,7.883465030055287e-05,0.0,nan
113,38,3.116105080008041e-05,0.0,nan
113,39,0.0002774210275584948,0.0,nan
113,40,0.00016407446534410976,0.0,nan
113,41,0.00012456638838318176,0.0,nan
113,42,0.0004080544233539328,0.0,nan
113,43,0.000223021447217707,0.0625,nan
113,44,7.653225172723823e-05,0.0,nan
113,45,0.00040052855337865907,0.3125,nan
113,46,9.094195950064895e-05,0.0,nan
113,47,0.000366156911727557,0.0,nan
113,48,0.00019866290867240298,0.0,nan
113,49,0.00010551434118573887,0.0,nan
113,50,0.0001369150298526161,0.0,nan
113,51,9.160297088025885e-05,0.0,nan
113,52,0.00035774588284192356,0.0,nan
113,53,0.0001167712521401924,0.0,nan
113,54,0.00013048919102787767,0.0,nan
113,55,0.00012388585807785918,0.0,nan
113,56,0.0001341611054762738,0.0,nan
113,57,0.00017673874788338019,0.0,nan
113,58,0.00014579398521307287,0.0,nan
113,59,0.00019280388398392733,0.0,nan
113,60,7.81949795898832e-05,0.0,nan
113,61,0.00011097510504243337,0.0,nan
113,62,7.151871092100103e-05,0.0,nan
113,63,0.0001682915900226205,0.0,nan
113,64,0.00030380509499586695,0.0625,nan
113,65,0.00011523626820749848,0.0,nan
113,66,0.00017682347060465485,0.0,nan
113,67,0.0001540920025445456,0.0,nan
113,68,0.00027499348779113676,0.0,nan
113,69,0.00015708388025297115,0.0,nan
113,70,0.00024846978518597057,0.0,nan
113,71,0.00030124510375852104,0.0,nan
113,72,9.681062059326774e-05,0.0,nan
113,73,0.0011256166508025818,0.25,nan
113,74,6.487363264578882e-05,0.0,nan
113,75,5.27251469051893e-05,0.0,nan
113,76,0.00018030894800976158,0.0,nan
113,77,0.00037058450103168123,0.0,nan
113,78,0.000400567606091885,0.0,nan
113,79,0.00010404998177906074,0.0,nan
113,80,0.00010177077160213399,0.0,nan
113,81,0.0001605680199442381,0.0,nan
113,82,0.00013540178173078218,0.0,nan
113,83,0.00010798561153850833,0.0,nan
113,84,7.043524808578046e-05,0.0,nan
113,85,7.270671857379497e-05,0.0,nan
113,86,0.00014680249389933942,0.0,nan
113,87,0.0002865332801744372,0.0,nan
113,88,0.0001115125912857789,0.0,nan
113,89,0.00023498006516121342,0.0,nan
113,90,0.00025488312291328314,0.0,nan
113,91,3.657856903442989e-05,0.0,nan
113,92,0.00015101698554254522,0.0,nan
113,93,0.00012646292209544236,0.0,nan
113,94,0.00021001935017372398,0.0,nan
113,95,0.00010881037207806235,0.0,nan
113,96,0.00015111060098940682,0.0,nan
113,97,8.192088205919158e-05,0.0,nan
113,98,0.00017341864050702518,0.0,nan
113,99,0.0002005354005461308,0.0,nan
114,0,0.00016368230859054354,0.0,nan
114,1,0.00030654823886763565,0.0,nan
114,2,0.00025560217502651586,0.0,nan
114,3,0.0003593811973210619,0.0,nan
114,4,0.00024882780158295477,0.0,nan
114,5,0.04223595050757605,0.875,nan
114,6,0.00024802926744403906,0.0,nan
114,7,9.550978903402586e-05,0.0,nan
114,8,0.0364145306467224,0.9375,nan
114,9,0.00018095613239395715,0.0,nan
114,10,0.000337508979757196,0.0,nan
114,11,0.00023839590382064316,0.0,nan
114,12,0.00010190311840281788,0.0,nan
114,13,0.00022641072619166656,0.0,nan
114,14,0.014314790357407316,0.375,nan
114,15,6.592367878100505e-05,0.0,nan
114,16,0.009245007255273538,0.0625,nan
114,17,0.0001727358195829901,0.0,nan
114,18,0.00012257254055022992,0.0,nan
114,19,5.3899903468650174e-05,0.0,nan
114,20,7.091503699622217e-05,0.0,nan
114,21,0.00011933527444798849,0.0,nan
114,22,0.00020093716981700073,0.0,nan
114,23,7.847222749862513e-05,0.0,nan
114,24,0.0001683170730029166,0.0,nan
114,25,0.00013304678049101947,0.0,nan
114,26,0.00026237076888456577,0.0,nan
114,27,0.00019448398515076794,0.0,nan
114,28,8.85835123766185e-05,0.0,nan
114,29,0.00025205734982969237,0.0,nan
114,30,7.613707485719414e-05,0.0,nan
114,31,0.0001514488631127656,0.0,nan
114,32,0.00020473912952246784,0.0,nan
114,33,0.000382769380817529,0.0,nan
114,34,0.0003333944210558729,0.0,nan
114,35,0.00010367379548394293,0.0,nan
114,36,0.00018578154957138264,0.0,nan
114,37,0.0002666606289336512,0.0,nan
114,38,0.0002727990506458792,0.0,nan
114,39,0.0005000647856221786,0.0,nan
114,40,8.970621430314089e-05,0.0,nan
114,41,9.174753039043731e-05,0.0,nan
114,42,0.00012378650041976663,0.0,nan
114,43,0.00020493218073016655,0.0,nan
114,44,0.00022114275557986632,0.0,nan
114,45,0.00038656518664386525,0.0,nan
114,46,0.00013684851122407914,0.0,nan
114,47,0.00025128623637061967,0.0,nan
114,48,0.00016023366109974225,0.0,nan
114,49,7.203209868044213e-05,0.0,nan
114,50,0.00018083451292149661,0.0,nan
114,51,0.00030765998456910165,0.0,nan
114,52,0.00020955235974646455,0.0,nan
114,53,0.00015909755900271122,0.0,nan
114,54,0.00024988609995570067,0.0,nan
114,55,0.00024342135698216208,0.0,nan
114,56,0.00031705980388348947,0.0,nan
114,57,0.00012352242083297092,0.0,nan
114,58,6.273833845045329e-05,0.0,nan
114,59,0.00023370148954581912,0.0,nan
114,60,4.6293575532112974e-05,0.0,nan
114,61,0.0006281186113970492,0.0,nan
114,62,0.0008467813041328613,0.1875,nan
114,63,0.00011665949508587939,0.0,nan
114,64,5.2321926977773745e-05,0.0,nan
114,65,0.00044012029988860083,0.0,nan
114,66,8.516310730823266e-05,0.0,nan
114,67,7.34322599307439e-05,0.0,nan
114,68,0.0002018779940217483,0.0,nan
114,69,0.00011744711078493845,0.0,nan
114,70,3.759378859204276e-05,0.0,nan
114,71,0.00031051946031981296,0.0,nan
114,72,0.00013029846237056303,0.0,nan
114,73,0.03354850645681668,0.6875,nan
114,74,0.00028311215153806077,0.0,nan
114,75,0.00011195421210780535,0.0,nan
114,76,0.00022805122674647858,0.0,nan
114,77,0.00021405028110098559,0.0,nan
114,78,4.666335891991514e-05,0.0,nan
114,79,0.00017574112810965804,0.0,nan
114,80,0.00014219777101819872,0.0,nan
114,81,5.5618156851851564e-05,0.0,nan
114,82,0.0001794986306391424,0.0,nan
114,83,0.0001687464147100503,0.0,nan
114,84,5.338844045332435e-05,0.0,nan
114,85,0.00042998364088141314,0.0625,nan
114,86,0.00020486845022236192,0.0,nan
114,87,0.0005926502844198794,0.0,nan
114,88,9.621042801785594e-05,0.0,nan
114,89,0.0002593177906826666,0.0,nan
114,90,0.0001866924054127174,0.0,nan
114,91,0.0001762767899229118,0.0,nan
114,92,0.00018739172502678603,0.0,nan
114,93,6.701837147010113e-05,0.0,nan
114,94,0.0004481193631144219,0.0,nan
114,95,6.57634841289453e-05,0.0,nan
114,96,0.00022702987394337303,0.0,nan
114,97,0.02154990291634997,0.5625,nan
114,98,0.00016913699166669918,0.0,nan
114,99,0.00031360711005850054,0.0,nan
115,0,0.00017487532508367667,0.0,nan
115,1,0.00012774843258969983,0.0,nan
115,2,0.00035517127370641245,0.0,nan
115,3,5.831153450989993e-05,0.0,nan
115,4,0.00018281762180050702,0.0,nan
115,5,0.046967670594133946,0.875,nan
115,6,0.0005885702806645423,0.0,nan
115,7,0.0001110246893904582,0.0,nan
115,8,0.06908539344320219,0.9375,nan
115,9,8.107647189691601e-05,0.0,nan
115,10,0.00014871636086526483,0.0,nan
115,11,2.2646027291858274e-05,0.0,nan
115,12,0.00019088767485914146,0.0,nan
115,13,0.00014169677531790696,0.0,nan
115,14,0.011426635479664753,0.3125,nan
115,15,0.010326278204903725,0.125,nan
115,16,0.0141923434317143,0.125,nan
115,17,8.048169936960353e-05,0.0,nan
115,18,7.067709293682789e-05,0.0,nan
115,19,9.962700916086837e-05,0.0,nan
115,20,0.00010829749428781993,0.0,nan
115,21,0.00020188523517964145,0.0,nan
115,22,0.00024806916539041427,0.0,nan
115,23,0.0001609715505298063,0.0,nan
115,24,9.268390766773399e-05,0.0,nan
115,25,5.005097572706208e-05,0.0,nan
115,26,0.00018206147629072958,0.0,nan
115,27,0.00017605239721995013,0.0,nan
115,28,0.00016379830273450583,0.0,nan
115,29,5.969513240678515e-05,0.0,nan
115,30,0.0001023474104468964,0.0,nan
115,31,4.649217480869922e-05,0.0,nan
115,32,0.00013673448860247552,0.0,nan
115,33,0.00023083051572375375,0.0,nan
115,34,0.00019044424707903503,0.0,nan
115,35,6.534436350833849e-05,0.0,nan
115,36,0.0001363556202546874,0.0,nan
115,37,4.7995469787698784e-05,0.0,nan
115,38,4.248565593942505e-05,0.0,nan
115,39,0.00013420355921047052,0.0,nan
115,40,0.000146505403992391,0.0,nan
115,41,3.93271294696028e-05,0.0,nan
115,42,0.00010454493580786477,0.0,nan
115,43,0.0002681930590049422,0.0,nan
115,44,0.00010125675074956341,0.0,nan
115,45,0.00014199793077726208,0.0,nan
115,46,1.981701031035239e-05,0.0,nan
115,47,0.00011491658781733103,0.0,nan
115,48,9.359669613490672e-05,0.0,nan
115,49,0.0001578832830587862,0.0,nan
115,50,3.333820797506119e-05,0.0,nan
115,51,0.000477333091814319,0.0,nan
115,52,0.00015662068325385638,0.0,nan
115,53,0.0004761445326223624,0.0625,nan
115,54,1.80535390983012e-05,0.0,nan
115,55,7.762651018742146e-05,0.0,nan
115,56,0.00023826344711038328,0.0,nan
115,57,9.603614037945749e-05,0.0,nan
115,58,0.00044308362041232615,0.0,nan
115,59,0.00026025651249032123,0.0,nan
115,60,0.00016016221160858842,0.0,nan
115,61,0.00020378205181340725,0.0,nan
115,62,0.00010465664983276191,0.0,nan
115,63,6.488221369245497e-05,0.0,nan
115,64,8.807096694342334e-05,0.0,nan
115,65,0.00020033812486624835,0.0,nan
115,66,0.00010028742883215328,0.0,nan
115,67,5.095549973171033e-05,0.0,nan
115,68,0.00019424704287680306,0.0,nan
115,69,0.00022626012064261698,0.0,nan
115,70,6.655672101963934e-05,0.0,nan
115,71,3.130879364787966e-05,0.0,nan
115,72,0.00015568310529677566,0.0,nan
115,73,0.10917995066005516,1.0,nan
115,74,0.00019232333920895893,0.0,nan
115,75,0.00017076943902709759,0.0,nan
115,76,0.00017378794623750787,0.0,nan
115,77,7.936225031686755e-05,0.0,nan
115,78,7.769011456656925e-05,0.0,nan
115,79,0.0001191426528886586,0.0,nan
115,80,0.0001223501387036436,0.0,nan
115,81,0.00012022507928335596,0.0,nan
115,82,0.0002735411813795111,0.0,nan
115,83,5.501888969862092e-05,0.0,nan
115,84,9.451628179920973e-05,0.0,nan
115,85,0.00034407309733523175,0.0,nan
115,86,0.00015365087288513344,0.0,nan
115,87,5.372215510080255e-05,0.0,nan
115,88,5.850972065476731e-05,0.0,nan
115,89,8.923223007686461e-05,0.0,nan
115,90,0.00013898862196418924,0.0,nan
115,91,0.00014964104882730168,0.0,nan
115,92,8.383856740809892e-05,0.0,nan
115,93,7.710022768701626e-05,0.0,nan
115,94,0.00012762230114130472,0.0,nan
115,95,0.00020384613594603138,0.0,nan
115,96,8.706221206653602e-05,0.0,nan
115,97,0.00015455396382569914,0.0,nan
115,98,0.00018023258341344045,0.0,nan
115,99,8.061677317135972e-05,0.0,nan
116,0,0.00013069863632476808,0.0,nan
116,1,0.0002690043755164965,0.0,nan
116,2,8.228488821931299e-05,0.0,nan
116,3,0.00010936307722619093,0.0,nan
116,4,0.00020719928449188798,0.0,nan
116,5,0.04817534426672051,0.75,nan
116,6,0.00016497095053271226,0.0,nan
116,7,7.170503187252955e-05,0.0,nan
116,8,0.037749872374689936,0.875,nan
116,9,0.00012849766300908395,0.0,nan
116,10,6.87686449946238e-05,0.0,nan
116,11,8.148959434286054e-05,0.0,nan
116,12,0.00013408167033875757,0.0,nan
116,13,4.9059443823040255e-05,0.0,nan
116,14,0.0071305698486526375,0.4375,nan
116,15,0.00014416212895470337,0.0,nan
116,16,0.01243812078974838,0.1875,nan
116,17,0.00013573087294169856,0.0,nan
116,18,6.909532204809768e-05,0.0,nan
116,19,4.222848741757268e-05,0.0,nan
116,20,5.323891526936482e-05,0.0,nan
116,21,0.0001168320292116552,0.0,nan
116,22,0.00037027306793597115,0.0,nan
116,23,0.0002439109210777998,0.0,nan
116,24,0.0001367313463748262,0.0,nan
116,25,0.0001510582098878361,0.0,nan
116,26,0.00026513290314155103,0.0,nan
116,27,8.912240252675805e-05,0.0,nan
116,28,8.365936330154139e-05,0.0,nan
116,29,0.00010101160516285284,0.0,nan
116,30,0.00010874921678243212,0.0,nan
116,31,9.226340499433758e-05,0.0,nan
116,32,9.398174787853241e-05,0.0,nan
116,33,0.00014547996204554618,0.0,nan
116,34,3.746879719870988e-05,0.0,nan
116,35,0.0003415146120560219,0.0,nan
116,36,0.00023899736797494296,0.0,nan
116,37,0.0001395462148750688,0.0,nan
116,38,8.998035113587686e-05,0.0,nan
116,39,0.00015192597841072865,0.0,nan
116,40,0.00022641639246467993,0.0,nan
116,41,0.00015561135606191937,0.0,nan
116,42,8.930960156547672e-05,0.0,nan
116,43,0.00016246081744575566,0.0,nan
116,44,0.00015229679474698264,0.0,nan
116,45,0.002342405743435292,0.3125,nan
116,46,8.233913253017939e-05,0.0,nan
116,47,5.10955222457395e-05,0.0,nan
116,48,5.533515718341484e-05,0.0,nan
116,49,0.00015543476102695302,0.0,nan
116,50,0.00013122502350441383,0.0,nan
116,51,0.0003281081067498365,0.0625,nan
116,52,0.00014007831193360156,0.0,nan
116,53,0.0002528284516637357,0.0,nan
116,54,6.724487529159465e-05,0.0,nan
116,55,7.493892396829348e-05,0.0,nan
116,56,9.650466671777932e-05,0.0,nan
116,57,0.00012215374672225402,0.0,nan
116,58,0.00018946756982333486,0.0,nan
116,59,0.00014275426704589097,0.0,nan
116,60,5.441436523725752e-05,0.0,nan
116,61,0.00015854996647529703,0.0,nan
116,62,0.00031159541030008423,0.0,nan
116,63,6.304832313626907e-05,0.0,nan
116,64,0.0003500343834121892,0.0625,nan
116,65,0.00014615513914863784,0.0,nan
116,66,8.037903622190228e-05,0.0,nan
116,67,0.00014692958531960568,0.0,nan
116,68,7.136642627212588e-05,0.0,nan
116,69,0.00018526152195331438,0.0,nan
116,70,6.503789581305348e-05,0.0,nan
116,71,0.00017854588323424253,0.0,nan
116,72,4.520883053277065e-05,0.0,nan
116,73,0.0752016566883271,0.875,nan
116,74,3.815469024659255e-05,0.0,nan
116,75,9.274390884420018e-05,0.0,nan
116,76,0.00023244750603583633,0.0,nan
116,77,0.0003282890731292039,0.0,nan
116,78,4.892116139100931e-05,0.0,nan
116,79,0.00019237866680991213,0.0,nan
116,80,0.000247072422636839,0.0,nan
116,81,6.625715792581853e-05,0.0,nan
116,82,0.00011206072032446251,0.0,nan
116,83,0.00010575401231461128,0.0,nan
116,84,0.00016944143305441236,0.0,nan
116,85,6.735246414739718e-05,0.0,nan
116,86,0.00017196136121582742,0.0,nan
116,87,0.00023176244789769644,0.0,nan
116,88,8.645828649503652e-05,0.0,nan
116,89,0.00021920247816037216,0.0,nan
116,90,0.00016630690873427166,0.0,nan
116,91,0.00011335364821892451,0.0,nan
116,92,9.20438716267775e-05,0.0,nan
116,93,0.00012325757988309113,0.0,nan
116,94,0.0004379815140905768,0.0,nan
116,95,4.524680078857432e-05,0.0,nan
116,96,0.00033980808722155955,0.0,nan
116,97,0.02816855361973488,0.75,nan
116,98,0.0002082308101275774,0.0,nan
116,99,0.00024724211701631385,0.0,nan
117,0,9.05752136481094e-05,0.0,nan
117,1,5.535905421643006e-05,0.0,nan
117,2,0.00022805855410459292,0.0,nan
117,3,0.00020866382184321294,0.0,nan
117,4,9.513421622978847e-05,0.0,nan
117,5,0.022679482831348654,0.625,nan
117,6,0.00018105659910141238,0.0,nan
117,7,0.00018834697921394112,0.0,nan
117,8,0.03143920350260489,0.8125,nan
117,9,0.00015252216366737836,0.0,nan
117,10,0.00021094280435296405,0.0,nan
117,11,0.0002232486895911076,0.0,nan
117,12,0.00030010213267897036,0.0,nan
117,13,0.00023435577725587517,0.0,nan
117,14,0.011455282990703888,0.25,nan
117,15,0.0027375133369403892,0.1875,nan
117,16,0.009257504132018896,0.0625,nan
117,17,0.0002445986220754195,0.0,nan
117,18,0.000154185833771317,0.0,nan
117,19,0.0005421332068194776,0.0,nan
117,20,0.00029265762655718573,0.0,nan
117,21,6.509838905023707e-05,0.0,nan
117,22,3.68723199484003e-05,0.0,nan
117,23,0.0002448999859264699,0.0,nan
117,24,0.0001990442578122782,0.0,nan
117,25,0.0001884824484839857,0.0,nan
117,26,0.0001142731767308212,0.0,nan
117,27,0.0005390151003944423,0.0,nan
117,28,0.00027548200587953185,0.0,nan
117,29,9.748870186721936e-05,0.0,nan
117,30,0.000225242277812906,0.0,nan
117,31,0.0001783852808923608,0.0,nan
117,32,0.00010090979845352407,0.0,nan
117,33,0.00022835740933474407,0.0,nan
117,34,0.00021916492313825965,0.0,nan
117,35,0.00018830685472200927,0.0,nan
117,36,0.0004340333818479534,0.0,nan
117,37,0.0003354735948754691,0.0,nan
117,38,0.012903683436459186,0.375,nan
117,39,0.000347674428741718,0.0,nan
117,40,0.00014875092776970526,0.0,nan
117,41,8.989116153435785e-05,0.0,nan
117,42,0.0004129814931021138,0.0,nan
117,43,0.0004771550131346657,0.0,nan
117,44,0.00020051040377525926,0.0,nan
117,45,0.00020583761624152125,0.0,nan
117,46,4.220620308198655e-05,0.0,nan
117,47,0.00020192025555089294,0.0,nan
117,48,0.0003183179032422689,0.0,nan
117,49,0.0003857904021930947,0.0,nan
117,50,9.048994176091152e-05,0.0,nan
117,51,0.00018089665406672694,0.0,nan
117,52,6.462735700593037e-05,0.0,nan
117,53,0.00019626083071826807,0.0,nan
117,54,0.0002054864462591258,0.0,nan
117,55,0.0001853264527442039,0.0,nan
117,56,0.00026132248338666964,0.0,nan
117,57,0.00029350910518685755,0.0,nan
117,58,0.00012856143284578937,0.0,nan
117,59,0.00018356046616443386,0.0,nan
117,60,0.00030434840265591227,0.0,nan
117,61,0.0002991330148682006,0.0,nan
117,62,0.00020882921922948732,0.0,nan
117,63,0.0002913412996562233,0.0,nan
117,64,0.0003065098895089273,0.125,nan
117,65,0.0001653707633480759,0.0,nan
117,66,0.00018000617091262967,0.0,nan
117,67,0.00021002123986079937,0.0,nan
117,68,0.00021212373492374313,0.0,nan
117,69,0.00017727376550106134,0.0,nan
117,70,0.00010902206171598623,0.0,nan
117,71,0.0002445521086699255,0.0,nan
117,72,0.00020142850869623674,0.0,nan
117,73,0.03094092885152932,0.625,nan
117,74,0.000404586773707978,0.0,nan
117,75,6.884135827729797e-05,0.0,nan
117,76,0.0007572376487082526,0.0,nan
117,77,0.0003042495700351467,0.0,nan
117,78,0.0001419469967605874,0.0,nan
117,79,0.00016042247126579631,0.0,nan
117,80,0.00013962842715821872,0.0,nan
117,81,4.5748394745661e-05,0.0,nan
117,82,0.00017154972942390583,0.0,nan
117,83,0.0002043926332854058,0.0,nan
117,84,0.00030809622217656935,0.0,nan
117,85,0.0001188529481197842,0.0,nan
117,86,6.891340605959747e-05,0.0,nan
117,87,0.0002822176475575089,0.0,nan
117,88,0.0002458852557948726,0.0,nan
117,89,0.000268859701623797,0.0,nan
117,90,0.00032135741875699694,0.0,nan
117,91,0.00020144577831856348,0.0,nan
117,92,0.00021651551211536625,0.0,nan
117,93,0.0002643566154881614,0.0,nan
117,94,0.0002761648902042703,0.0,nan
117,95,0.00027288277438226063,0.0,nan
117,96,0.000162771820421179,0.0,nan
117,97,0.0032056420653265045,0.3125,nan
117,98,0.0011352036686277087,0.0625,nan
117,99,0.00021267333289860465,0.0,nan
118,0,0.00021809096374904806,0.0,nan
118,1,0.00020133253169932566,0.0,nan
118,2,0.00012978570003528662,0.0,nan
118,3,0.0004855539883985053,0.0,nan
118,4,0.0003472002489910402,0.0,nan
118,5,0.003545626833762298,0.1875,nan
118,6,0.00013561441410130898,0.0,nan
118,7,0.0001702528754966002,0.0,nan
118,8,0.002254150533904801,0.125,nan
118,9,0.0002379352157133537,0.0,nan
118,10,0.00016812023145156257,0.0,nan
118,11,8.028056451304045e-05,0.0,nan
118,12,0.00028605168291799364,0.0,nan
118,13,0.0003725234095513679,0.0,nan
118,14,0.0015692850128240917,0.25,nan
118,15,0.0004419378956256106,0.0625,nan
118,16,0.010383447716385155,0.3125,nan
118,17,0.0001794370411248724,0.0,nan
118,18,0.00012516627294597955,0.0,nan
118,19,0.00011882173082791623,0.0,nan
118,20,9.268548877067225e-05,0.0,nan
118,21,0.00018979868193271424,0.0,nan
118,22,0.0005226155897501268,0.0625,nan
118,23,0.0002470152462223711,0.0,nan
118,24,0.00024266443389991341,0.0,nan
118,25,0.00016697831112918543,0.0,nan
118,26,0.00026570411018748654,0.125,nan
118,27,0.0003577134345742689,0.0,nan
118,28,0.00022148029474964697,0.0,nan
118,29,8.63818082987099e-05,0.0,nan
118,30,0.00013946840297328247,0.0,nan
118,31,0.000293350206545281,0.0,nan
118,32,0.00037710321624152734,0.0,nan
118,33,0.00043913312281700936,0.0,nan
118,34,0.00011103168711610562,0.0,nan
118,35,0.00019594401003521968,0.0,nan
118,36,0.0011364805085703107,0.125,nan
118,37,0.00019715841387212745,0.0,nan
118,38,0.0003497844930936033,0.0625,nan
118,39,0.0002363770296760493,0.0,nan
118,40,0.0001391216187123606,0.0,nan
118,41,0.0001681885799113842,0.0,nan
118,42,0.00018558016289748762,0.0,nan
118,43,0.00039156259741266115,0.0,nan
118,44,6.17575380990351e-05,0.0,nan
118,45,0.0477721613995742,0.625,nan
118,46,0.0002629522628503824,0.0,nan
118,47,0.0031003386947946634,0.125,nan
118,48,0.0001227201088981031,0.0,nan
118,49,0.0003459726720876073,0.0,nan
118,50,0.0001043812772443105,0.0,nan
118,51,0.0011371898373236308,0.0,nan
118,52,0.00012663569282150586,0.0,nan
118,53,0.0003013886611311108,0.0,nan
118,54,0.0003943645133035189,0.0,nan
118,55,0.0006214828293381002,0.0,nan
118,56,0.0001418275708510921,0.0,nan
118,57,0.0002132125537850323,0.0,nan
118,58,0.00015650905444580685,0.0,nan
118,59,0.000168469612194345,0.0,nan
118,60,0.00020906995847218992,0.0,nan
118,61,0.00014373344868630052,0.0,nan
118,62,0.00035980078114852365,0.0,nan
118,63,0.00016142487440353156,0.0,nan
118,64,0.0001805309828957337,0.0,nan
118,65,0.00013114394775958838,0.0,nan
118,66,0.00017982722182559438,0.0,nan
118,67,0.0002865527823190116,0.0,nan
118,68,0.00014064888105983427,0.0,nan
118,69,0.000348815417451475,0.0625,nan
118,70,0.00011850275201326635,0.0,nan
118,71,0.0003330230802494439,0.0,nan
118,72,0.00016200985281579884,0.0,nan
118,73,0.04229402303560618,0.5625,nan
118,74,7.90825892582171e-05,0.0,nan
118,75,0.0003436883838404467,0.0,nan
118,76,0.0009365605787755829,0.0,nan
118,77,0.0006405436386437488,0.0,nan
118,78,0.0003185734319990783,0.0,nan
118,79,0.00031663067724901634,0.0,nan
118,80,0.00034102087942794874,0.0,nan
118,81,0.00010445597190119904,0.0,nan
118,82,0.00035365067798600133,0.0,nan
118,83,0.00020448920645885316,0.0,nan
118,84,9.538077452367783e-05,0.0,nan
118,85,0.00025978884734816033,0.0,nan
118,86,0.00020379545002046192,0.0,nan
118,87,0.0007360088710608816,0.0625,nan
118,88,0.00023460415369746672,0.0,nan
118,89,0.00027602563892246946,0.0,nan
118,90,0.00019018420498833434,0.0,nan
118,91,0.0004863480557662006,0.125,nan
118,92,0.00025189769286622387,0.0,nan
118,93,0.00030046714769075774,0.0,nan
118,94,0.0003540688161880252,0.0,nan
118,95,9.251701288703036e-05,0.0,nan
118,96,0.00043060279364563097,0.0,nan
118,97,0.002323461701466842,0.1875,nan
118,98,4.720615318837093e-05,0.0,nan
118,99,0.00020516663781290943,0.0,nan
119,0,0.0001693457843424759,0.0,nan
119,1,0.0004190628420787496,0.0,nan
119,2,0.00016731851006124456,0.0,nan
119,3,0.0006027114192719956,0.0,nan
119,4,0.00013491711341114286,0.0,nan
119,5,0.008499921325757456,0.125,nan
119,6,0.00021971734076052288,0.0,nan
119,7,4.976686795130574e-05,0.0,nan
119,8,0.011885319867838542,0.1875,nan
119,9,0.0001757426823567753,0.0,nan
119,10,0.00021041693939736483,0.0,nan
119,11,0.00010931660124957618,0.0,nan
119,12,0.0002141848728732752,0.0,nan
119,13,0.00013961702417531467,0.0,nan
119,14,0.007099217981954774,0.4375,nan
119,15,0.007332320860036777,0.3125,nan
119,16,0.009029679091656011,0.125,nan
119,17,0.0003861112812141385,0.0,nan
119,18,0.0001321150921020291,0.0,nan
119,19,9.834970870456522e-05,0.0,nan
119,20,0.00011241704392251362,0.0,nan
119,21,0.0001198758958613729,0.0,nan
119,22,0.00014327677304737854,0.0,nan
119,23,4.756153762781541e-05,0.0,nan
119,24,0.000365794772883958,0.0,nan
119,25,0.0001812994198786632,0.0,nan
119,26,4.888722144626887e-05,0.0,nan
119,27,0.0007120924141557599,0.0,nan
119,28,0.00010087097258958838,0.0,nan
119,29,2.15067308441117e-05,0.0,nan
119,30,0.0003925215945458862,0.0,nan
119,31,0.0001322045127965434,0.0,nan
119,32,0.00013067912182663545,0.0,nan
119,33,9.816809624220672e-05,0.0,nan
119,34,0.00032472082110823655,0.0,nan
119,35,0.0001930421735599695,0.0,nan
119,36,0.004360099157572986,0.1875,nan
119,37,7.660229555281936e-05,0.0,nan
119,38,0.0002280526700856588,0.0,nan
119,39,0.00045565384014050305,0.0,nan
119,40,0.0001660900740931601,0.0,nan
119,41,0.00016185249141185048,0.0,nan
119,42,0.00026605724167822246,0.0,nan
119,43,0.00016077598954754378,0.0,nan
119,44,0.0001320137570211311,0.0,nan
119,45,0.06458673508328476,0.9375,nan
119,46,0.00010282135968828703,0.0,nan
119,47,0.0002028628426016621,0.0,nan
119,48,0.00020464728479986725,0.0,nan
119,49,0.00030875617541513693,0.0,nan
119,50,7.94851342857623e-05,0.0,nan
119,51,3.3933191053905974e-05,0.0,nan
119,52,6.384128232102158e-05,0.0,nan
119,53,0.00017309706667404653,0.0,nan
119,54,0.00029386905870711923,0.0,nan
119,55,0.00031309152461325923,0.0,nan
119,56,0.00010695461301479269,0.0,nan
119,57,0.00022588932548446816,0.0,nan
119,58,0.00012355319935187798,0.0,nan
119,59,0.00011884414039545161,0.0,nan
119,60,0.0003079130617524694,0.0,nan
119,61,0.00029972639711845536,0.0,nan
119,62,0.00011739916251119037,0.0,nan
119,63,0.0002187832332993607,0.0,nan
119,64,0.0003450516420621171,0.0625,nan
119,65,0.0002164099491983604,0.0,nan
119,66,0.0004427948812190238,0.0,nan
119,67,0.00029890868401669915,0.0,nan
119,68,0.0001723547992435618,0.0,nan
119,69,0.00023292174848604617,0.0,nan
119,70,8.699231861981994e-05,0.0,nan
119,71,0.00022657573874584853,0.0,nan
119,72,0.00023966328207908094,0.0,nan
119,73,0.05358551117500747,0.6875,nan
119,74,0.00017744607019214994,0.0,nan
119,75,0.0001264071556054984,0.0,nan
119,76,0.00010473011337096573,0.0,nan
119,77,0.00016504032344286698,0.0,nan
119,78,0.00010516474764079648,0.0,nan
119,79,0.0002273299618113965,0.0,nan
119,80,0.0003599743658069562,0.0,nan
119,81,0.0002672028702906113,0.0,nan
119,82,0.00020894184785447055,0.0,nan
119,83,0.00011877180059983915,0.0,nan
119,84,5.5327339425101626e-05,0.0,nan
119,85,0.0002496315515911881,0.0,nan
119,86,0.0002970666249647847,0.0,nan
119,87,0.00013263657203322596,0.0,nan
119,88,0.00024592477762211477,0.0,nan
119,89,0.00013776060003300246,0.0,nan
119,90,0.00019387883425985676,0.0,nan
119,91,0.00015756534260287877,0.0,nan
119,92,9.048851688844066e-05,0.0,nan
119,93,7.404045431734201e-05,0.0,nan
119,94,0.0003012822365748636,0.0,nan
119,95,8.258753236404801e-05,0.0,nan
119,96,0.0003965287923792547,0.0,nan
119,97,0.0005066323346558299,0.0625,nan
119,98,0.00013647915985173862,0.0,nan
119,99,0.0002859864467769372,0.0,nan
120,0,0.0001729919378504166,0.0,nan
120,1,0.00027895432946219764,0.0,nan
120,2,0.0003012923704746297,0.0,nan
120,3,0.0007164982024345054,0.0,nan
120,4,0.00016196901431365343,0.0,nan
120,5,0.022363345453882917,0.5,nan
120,6,4.75029928618603e-05,0.0,nan
120,7,0.00022354903090537973,0.0,nan
120,8,0.019579657986334355,0.5,nan
120,9,0.00021279363457584838,0.0,nan
120,10,0.00010796066007378814,0.0,nan
120,11,9.885111489023663e-05,0.0,nan
120,12,0.00014691262605586938,0.0,nan
120,13,0.00021567211474861984,0.0,nan
120,14,0.016571726696469197,0.375,nan
120,15,0.00026443549829684886,0.0,nan
120,16,0.011425741144618771,0.0625,nan
120,17,0.0001463224127707043,0.0,nan
120,18,0.00020475113766652676,0.0,nan
120,19,0.00014235915433687618,0.0,nan
120,20,0.00010251495916848425,0.0,nan
120,21,0.00011541604539531277,0.0,nan
120,22,0.0004376647868025059,0.0,nan
120,23,0.00015255329328862162,0.0,nan
120,24,0.00020904831001983566,0.0,nan
120,25,0.00024271103236787932,0.0,nan
120,26,0.00016162939788343003,0.0,nan
120,27,0.00011390993792374276,0.0,nan
120,28,0.00011865540877214452,0.0,nan
120,29,0.00023354588127554566,0.0,nan
120,30,0.0001958076093584207,0.0,nan
120,31,0.00013467597603382777,0.0,nan
120,32,0.00047067304339157165,0.0,nan
120,33,0.00039475080291759485,0.0,nan
120,34,5.172754936196868e-05,0.0,nan
120,35,0.00015365948311684655,0.0,nan
120,36,0.00013604347684897353,0.0,nan
120,37,9.554225909987689e-05,0.0,nan
120,38,0.0005341690803424569,0.25,nan
120,39,5.558666356842015e-05,0.0,nan
120,40,0.00016098195731585984,0.0,nan
120,41,0.0003489219238055623,0.0,nan
120,42,0.0001404371651530471,0.0,nan
120,43,0.0002149406397411277,0.0,nan
120,44,9.648364467325207e-05,0.0,nan
120,45,0.00036717671517061265,0.125,nan
120,46,0.0001475919656395021,0.0,nan
120,47,0.0001800728214055056,0.0,nan
120,48,0.00015692600094912378,0.0,nan
120,49,0.00016873963873754126,0.0,nan
120,50,0.00020276545315231595,0.0,nan
120,51,5.947680760790829e-05,0.0,nan
120,52,0.00012797391277115532,0.0,nan
120,53,0.00017431543443369122,0.0,nan
120,54,0.00018100491562194227,0.0,nan
120,55,0.00032295131967965463,0.0,nan
120,56,0.00013273320594779788,0.0,nan
120,57,0.0001791457769713939,0.0,nan
120,58,0.0004539420197355159,0.0,nan
120,59,6.949267745574121e-05,0.0,nan
120,60,0.0003952596316033775,0.0,nan
120,61,0.00022069152333431465,0.0,nan
120,62,0.00024411647787463044,0.0,nan
120,63,0.0002081008345018682,0.0,nan
120,64,0.00037655758749491287,0.0,nan
120,65,0.00015240213613673204,0.0,nan
120,66,0.00017555945381689193,0.0,nan
120,67,0.0001282483602022343,0.0,nan
120,68,0.00021077328791074606,0.0,nan
120,69,0.0002617992113907532,0.0,nan
120,70,0.00022008622288623993,0.0,nan
120,71,0.00017686083905205747,0.0,nan
120,72,0.00011033263749837198,0.0,nan
120,73,0.05535092623804661,0.8125,nan
120,74,0.00013844682342570785,0.0,nan
120,75,0.0001608062157999355,0.0,nan
120,76,0.00015628771454959545,0.0,nan
120,77,0.00026462761951286443,0.0,nan
120,78,0.00010684357453776423,0.0,nan
120,79,0.00022917551322950712,0.0,nan
120,80,0.00015083995574359098,0.0,nan
120,81,0.00011820489639690322,0.0,nan
120,82,0.0001803290762872729,0.0,nan
120,83,0.0002454764478167714,0.0,nan
120,84,0.00023068800079788405,0.0,nan
120,85,0.0004711101822118246,0.0,nan
120,86,0.0002491909093273485,0.0,nan
120,87,0.00037594985094810635,0.0,nan
120,88,0.00013938556672833693,0.0,nan
120,89,0.00013323266443054333,0.0,nan
120,90,0.0001747938782468766,0.0,nan
120,91,6.054821396441589e-05,0.0,nan
120,92,0.0001277080770274701,0.0,nan
120,93,0.0001633864524663642,0.0,nan
120,94,0.00010745787727234218,0.0,nan
120,95,7.765095383248046e-05,0.0,nan
120,96,0.00012440530590278331,0.0,nan
120,97,0.007098723708516573,0.125,nan
120,98,0.00018497308322444622,0.0,nan
120,99,0.00016625779093282762,0.0,nan
121,0,3.4773002008099064e-05,0.0,nan
121,1,5.731307108171442e-05,0.0,nan
121,2,0.0003944401535472251,0.0,nan
121,3,0.0003168030335183696,0.0,nan
121,4,0.0001262192368319224,0.0,nan
121,5,0.05467010242435119,0.875,nan
121,6,0.00011255196296143681,0.0,nan
121,7,0.00011667352480702572,0.0,nan
121,8,0.04459080520036858,0.875,nan
121,9,0.00014905732034696585,0.0,nan
121,10,0.00016016152611959833,0.0,nan
121,11,5.430609961303709e-05,0.0,nan
121,12,8.252831017288356e-05,0.0,nan
121,13,0.0004026143158036596,0.0,nan
121,14,0.03129365946312614,0.625,nan
121,15,0.00613193444148325,0.1875,nan
121,16,0.006485753915289202,0.0,nan
121,17,5.78975515428904e-05,0.0,nan
121,18,4.605439186155201e-05,0.0,nan
121,19,0.0002034742722598339,0.0,nan
121,20,5.4315468760389484e-05,0.0,nan
121,21,0.00014430757763793584,0.0,nan
121,22,0.00011190035649647329,0.0,nan
121,23,1.9885918470144175e-05,0.0,nan
121,24,0.000360490230760638,0.0,nan
121,25,2.1789254409351202e-05,0.0,nan
121,26,5.7155747550304296e-05,0.0,nan
121,27,0.0002164453489380346,0.0,nan
121,28,0.000155633155722713,0.0,nan
121,29,0.00018579227057959562,0.0,nan
121,30,0.00011653376394936703,0.0,nan
121,31,0.00018868605067105576,0.0,nan
121,32,0.0004442172140826815,0.0,nan
121,33,0.00035806822687260253,0.0,nan
121,34,0.00015499897150792564,0.0,nan
121,35,4.169772266383637e-05,0.0,nan
121,36,0.00011978667012708046,0.0,nan
121,37,0.00015255273624146425,0.0,nan
121,38,0.00030714292586339197,0.0,nan
121,39,5.5840450131919606e-05,0.0,nan
121,40,0.00012875270172811896,0.0,nan
121,41,0.0001777113376622687,0.0,nan
121,42,9.641612054443697e-05,0.0,nan
121,43,0.00011467131028112196,0.0,nan
121,44,0.0001682976254801904,0.0,nan
121,45,0.0001893268857170787,0.0,nan
121,46,0.00019205070073235325,0.0,nan
121,47,0.00012087912093645367,0.0,nan
121,48,9.400057439922985e-05,0.0,nan
121,49,8.547867604169696e-05,0.0,nan
121,50,0.0002744619192612415,0.0,nan
121,51,0.0001657828277959479,0.0,nan
121,52,0.00012934660089134706,0.0,nan
121,53,0.00013793325079648327,0.0,nan
121,54,4.2947621718817075e-05,0.0,nan
121,55,6.954318811390802e-05,0.0,nan
121,56,0.00023194013706823985,0.0,nan
121,57,8.317552431310742e-05,0.0,nan
121,58,0.00019218116167940335,0.0,nan
121,59,5.836025490382341e-05,0.0,nan
121,60,5.092465393956357e-05,0.0,nan
121,61,6.06414087539411e-05,0.0,nan
121,62,0.0003691648439488451,0.0,nan
121,63,3.407416589064946e-05,0.0,nan
121,64,0.00014105021058758945,0.0,nan
121,65,0.00010206013595846051,0.0,nan
121,66,0.00023576644569828914,0.0,nan
121,67,0.0004354237254293054,0.0,nan
121,68,0.00038362436499458555,0.0,nan
121,69,5.042925858167055e-05,0.0,nan
121,70,0.00016303162924021804,0.0,nan
121,71,0.00020342929914090896,0.0,nan
121,72,5.1082911137894174e-05,0.0,nan
121,73,0.07273715647511814,1.0,nan
121,74,0.00016414104339521253,0.0,nan
121,75,4.206721097423948e-05,0.0,nan
121,76,0.0005516698772846517,0.0,nan
121,77,0.0001462460989753552,0.0,nan
121,78,8.994472100244939e-05,0.0,nan
121,79,0.00010793030952459009,0.0,nan
121,80,0.00010449069527311432,0.0,nan
121,81,4.8038033265050175e-05,0.0,nan
121,82,0.00011186275269341954,0.0,nan
121,83,6.796130253105924e-05,0.0,nan
121,84,0.0001611330622613239,0.0,nan
121,85,0.00016841541753712629,0.0,nan
121,86,5.371593183002042e-05,0.0,nan
121,87,0.00010617323591282748,0.0,nan
121,88,2.1012515471569364e-05,0.0,nan
121,89,4.435275756171502e-05,0.0,nan
121,90,0.00019946888014796353,0.0625,nan
121,91,0.00020180716424685844,0.0,nan
121,92,0.0001329795010156362,0.0,nan
121,93,6.951188058548186e-05,0.0,nan
121,94,0.0004184848801430821,0.0,nan
121,95,0.00014729451900560465,0.0,nan
121,96,0.00012574643571977855,0.0,nan
121,97,0.00015795831882187372,0.0,nan
121,98,0.00028107854569420026,0.0,nan
121,99,0.0001120026159230136,0.0,nan
122,0,0.0003155446578585173,0.0,nan
122,1,0.00041443970486749343,0.0,nan
122,2,0.0005864097098541056,0.0,nan
122,3,0.0003070927595240514,0.0,nan
122,4,0.0003000608899456676,0.0,nan
122,5,0.04251223190634919,0.6875,nan
122,6,0.00024121292588609542,0.0,nan
122,7,0.0001475851294369375,0.0,nan
122,8,0.0013253652943885225,0.0625,nan
122,9,0.00024843592335831773,0.0,nan
122,10,0.00021286887929217342,0.0,nan
122,11,0.0006072613131290119,0.0,nan
122,12,0.0002563202506000639,0.0,nan
122,13,0.00032412301548248807,0.0,nan
122,14,0.004176175147597227,0.125,nan
122,15,0.00144628785773817,0.0,nan
122,16,0.012512138996417444,0.1875,nan
122,17,0.00014199962462091247,0.0,nan
122,18,0.00020447232753249264,0.0,nan
122,19,0.00021797179883674612,0.0,nan
122,20,0.0002623287010344197,0.0,nan
122,21,0.0005556543148852165,0.0,nan
122,22,0.0009656221813459999,0.0,nan
122,23,0.00032093927572001676,0.0,nan
122,24,0.00012134965348712136,0.0,nan
122,25,0.0005339852132883696,0.0,nan
122,26,0.002843149643973948,0.25,nan
122,27,0.0003685477938894587,0.0,nan
122,28,7.768524590132125e-05,0.0,nan
122,29,9.005343564049789e-05,0.0,nan
122,30,0.00046551221389980364,0.0625,nan
122,31,0.0002400987678801539,0.0,nan
122,32,0.0007839003912314302,0.0,nan
122,33,0.00022499045584424644,0.0,nan
122,34,0.000267667245764351,0.0,nan
122,35,0.00018719283736429016,0.0,nan
122,36,0.0010322104445621297,0.0,nan
122,37,0.0002841829566094864,0.0,nan
122,38,0.001468912371545234,0.0,nan
122,39,0.00036100130555733096,0.0,nan
122,40,0.0002624383873193601,0.0,nan
122,41,0.00038048341738016497,0.0,nan
122,42,0.00029428132450936217,0.0,nan
122,43,0.0012645445257843894,0.0625,nan
122,44,0.0004997595839816005,0.0,nan
122,45,0.039940600653634015,0.625,nan
122,46,0.0002061859962812045,0.0,nan
122,47,0.0018891470110481462,0.0625,nan
122,48,0.0003479327652174724,0.0,nan
122,49,0.0006506394758787797,0.0,nan
122,50,0.00021331106674221792,0.0,nan
122,51,0.0005485816431397517,0.0,nan
122,52,0.0002726433521407438,0.0,nan
122,53,0.0005016909728539013,0.0,nan
122,54,0.0002170577350761893,0.0,nan
122,55,0.0001239846882549307,0.0,nan
122,56,0.0004977260907541457,0.0625,nan
122,57,0.0005169018137228545,0.0,nan
122,58,0.0002513148060751108,0.0,nan
122,59,0.00020695489777945573,0.0,nan
122,60,0.00035912870507461464,0.0,nan
122,61,8.85628144465283e-05,0.0,nan
122,62,0.00019710291549037743,0.0,nan
122,63,0.0002856408459450242,0.0,nan
122,64,0.001387377206844143,0.0625,nan
122,65,0.0006032450510767963,0.0,nan
122,66,0.0003179452009328879,0.0,nan
122,67,0.00026024704502929856,0.0,nan
122,68,0.0003109484631311438,0.0,nan
122,69,0.00037407183139167026,0.0,nan
122,70,0.0002268308761562176,0.0,nan
122,71,0.00027707825257944265,0.0,nan
122,72,0.0001846846865640155,0.0,nan
122,73,0.0019430618831220265,0.0,nan
122,74,0.00011531567997597839,0.0,nan
122,75,0.0003793439754999049,0.0,nan
122,76,0.0025308496432103105,0.125,nan
122,77,0.00033895775891964433,0.0,nan
122,78,0.00013771818369503948,0.0,nan
122,79,0.0007283901383734445,0.0,nan
122,80,0.00019174770831586427,0.0,nan
122,81,0.0002146612944614218,0.0,nan
122,82,0.0014027618666931961,0.0,nan
122,83,0.0004308483484665223,0.0,nan
122,84,0.0008106160904076736,0.0,nan
122,85,0.00021204298631725052,0.0,nan
122,86,0.0003123508381364555,0.0,nan
122,87,0.0003044910084643729,0.0,nan
122,88,0.0002214494920926592,0.0,nan
122,89,0.0002809980800778534,0.0,nan
122,90,0.00038084156299710774,0.0,nan
122,91,0.00010498592620933895,0.0,nan
122,92,9.233431610578972e-05,0.0,nan
122,93,0.00011560706366008102,0.0,nan
122,94,0.000631592022555364,0.0,nan
122,95,0.0002394522551078391,0.0,nan
122,96,0.000264422880372966,0.0,nan
122,97,0.0014962856422731355,0.0,nan
122,98,0.000543120603136344,0.0,nan
122,99,0.0001890889361556047,0.0,nan
123,0,0.0001464730939479765,0.0,nan
123,1,0.0002042259617317005,0.0,nan
123,2,5.9525727225841514e-05,0.0,nan
123,3,6.48643653820989e-05,0.0,nan
123,4,0.00018105798505884963,0.0,nan
123,5,0.026149860073878185,0.625,nan
123,6,0.00010490034769653156,0.0,nan
123,7,8.706144121489577e-05,0.0,nan
123,8,0.014425659019307124,0.4375,nan
123,9,0.0002179518492402844,0.0,nan
123,10,0.00012771404045090138,0.0,nan
123,11,9.732880092876977e-05,0.0,nan
123,12,0.00020749522641876178,0.0,nan
123,13,0.00016265667056164263,0.0,nan
123,14,0.03785729273153733,0.75,nan
123,15,0.0005463540072558467,0.125,nan
123,16,0.009846344909772183,0.125,nan
123,17,0.0005742015631156393,0.0,nan
123,18,0.00034826208160167204,0.0,nan
123,19,7.202315747205975e-05,0.0,nan
123,20,0.00010768222743895347,0.0,nan
123,21,0.00014276830109989197,0.0,nan
123,22,8.559995736549182e-05,0.0,nan
123,23,0.0002729373370970856,0.0,nan
123,24,5.1949461070000606e-05,0.0,nan
123,25,0.00015507095774701295,0.0,nan
123,26,4.6598102952578676e-05,0.0,nan
123,27,1.3792492296110798e-05,0.0,nan
123,28,0.0001379348025728235,0.0,nan
123,29,0.00020190337703130838,0.0,nan
123,30,3.4027645389194125e-05,0.0,nan
123,31,0.00014167290854394396,0.0,nan
123,32,0.0001436016002077718,0.0,nan
123,33,0.00013853180194134,0.0,nan
123,34,8.328912874822952e-05,0.0,nan
123,35,8.028319104442545e-05,0.0,nan
123,36,0.00014851923563115164,0.0,nan
123,37,3.5692185440862816e-05,0.0,nan
123,38,0.0503745386630373,0.625,nan
123,39,0.0001420965241501742,0.0,nan
123,40,0.00011633492616930095,0.0,nan
123,41,0.00012539637528815,0.0,nan
123,42,0.00018000756305051538,0.0,nan
123,43,0.0008624146348731349,0.0625,nan
123,44,9.32031986463777e-05,0.0,nan
123,45,0.001091190326412688,0.0625,nan
123,46,0.0001642659979833816,0.0,nan
123,47,4.9237250965998786e-05,0.0,nan
123,48,6.124000560892641e-05,0.0,nan
123,49,0.00012731056774932558,0.0,nan
123,50,0.00015588089273417164,0.0,nan
123,51,0.0001155379228067476,0.0,nan
123,52,7.930774276032948e-05,0.0,nan
123,53,0.00013009784612933253,0.0,nan
123,54,0.00013645032575980477,0.0,nan
123,55,0.0002243322146384542,0.0,nan
123,56,0.0002440797528112309,0.0,nan
123,57,0.0002118668229222721,0.0,nan
123,58,0.00010572411474608982,0.0,nan
123,59,0.0002810056884937869,0.0,nan
123,60,7.590713177855032e-05,0.0,nan
123,61,9.227263048060288e-05,0.0,nan
123,62,0.00010069615295163392,0.0,nan
123,63,0.00017902882343892015,0.0,nan
123,64,6.275110067380684e-05,0.0,nan
123,65,6.503249983405709e-05,0.0,nan
123,66,0.00016480672278235798,0.0,nan
123,67,0.00020518071253273362,0.0,nan
123,68,0.00016879683158879823,0.0,nan
123,69,9.612578836628541e-05,0.0,nan
123,70,6.26652069295093e-05,0.0,nan
123,71,0.0001637858565954491,0.0,nan
123,72,0.0001192082165201301,0.0,nan
123,73,0.03593307617493263,0.75,nan
123,74,5.574727141115307e-05,0.0,nan
123,75,5.823953474743402e-05,0.0,nan
123,76,0.0008714548217198081,0.0,nan
123,77,4.282961105046066e-05,0.0,nan
123,78,0.00023301730070932362,0.0,nan
123,79,0.0002309617183861557,0.0,nan
123,80,0.00010937816313472599,0.0,nan
123,81,4.54877157925806e-05,0.0,nan
123,82,0.0001391859897008342,0.0,nan
123,83,0.00011316233088886642,0.0,nan
123,84,0.0001824563014944995,0.0,nan
123,85,0.0002989991239208655,0.0,nan
123,86,0.00021641662974880067,0.0,nan
123,87,9.266483838450096e-05,0.0,nan
123,88,0.0002304604011274561,0.0,nan
123,89,0.00016660556005890085,0.0,nan
123,90,9.721157297498811e-05,0.0,nan
123,91,8.843654663109112e-05,0.0,nan
123,92,0.0004691356831225897,0.0,nan
123,93,0.00015808738878999706,0.0,nan
123,94,9.086711803126427e-05,0.0,nan
123,95,7.120204978647879e-05,0.0,nan
123,96,9.839797205322097e-05,0.0,nan
123,97,0.00012312446878136598,0.0,nan
123,98,0.00019332528445022466,0.0,nan
123,99,0.00016209483912914946,0.0,nan
124,0,0.00023645026257448947,0.0,nan
124,1,0.00032310013653962,0.0,nan
124,2,0.00014876456168738976,0.0,nan
124,3,0.0029794504632721115,0.1875,nan
124,4,0.00012914871813644743,0.0,nan
124,5,0.09767949808370394,0.9375,nan
124,6,3.0996987589084192e-06,0.0,nan
124,7,9.291352306178183e-05,0.0,nan
124,8,0.02424298820930517,0.5,nan
124,9,0.00028808586742781945,0.0,nan
124,10,0.00010304449044079415,0.0,nan
124,11,5.379014263430278e-05,0.0,nan
124,12,0.00038401125954172033,0.0,nan
124,13,0.00010847347910726069,0.0,nan
124,14,0.09194469508090478,0.9375,nan
124,15,0.0034165376760890024,0.25,nan
124,16,0.007507918639189296,0.0,nan
124,17,0.00013675325209650175,0.0,nan
124,18,5.6840196233289124e-05,0.0,nan
124,19,0.00016127281589471392,0.0,nan
124,20,0.00010776843253671122,0.0,nan
124,21,0.0001801039097886792,0.0,nan
124,22,0.00041106967448349,0.0,nan
124,23,0.00024853964826255235,0.0,nan
124,24,0.00011734341334596681,0.0,nan
124,25,0.00018028552951469625,0.0,nan
124,26,0.0001336253043643576,0.0,nan
124,27,0.000254941028652366,0.0,nan
124,28,0.00014877748141551181,0.0,nan
124,29,0.00013930490126718985,0.0,nan
124,30,0.000372765857391872,0.0,nan
124,31,0.00015539134247382315,0.0,nan
124,32,0.00041327785773906254,0.0,nan
124,33,0.00021118938009110385,0.0,nan
124,34,0.00023621169692097103,0.0,nan
124,35,8.134793818589444e-05,0.0,nan
124,36,0.0003601504394233672,0.0625,nan
124,37,0.0001552056963551882,0.0,nan
124,38,0.000843897708442056,0.3125,nan
124,39,6.929726071894596e-05,0.0,nan
124,40,0.0001908189301673426,0.0,nan
124,41,9.610212133505059e-05,0.0,nan
124,42,0.0001519369590734194,0.0,nan
124,43,0.0013257946549968648,0.0625,nan
124,44,0.00011960526337294501,0.0,nan
124,45,0.0002619188036352976,0.0,nan
124,46,0.0001597090919522266,0.0,nan
124,47,0.00015932458991614222,0.0,nan
124,48,0.00012986133658505496,0.0,nan
124,49,0.0002903243463331025,0.0,nan
124,50,0.0001382185105877945,0.0,nan
124,51,0.00017217824666014103,0.0,nan
124,52,0.0001396111059658533,0.0,nan
124,53,0.00030139939162270306,0.0,nan
124,54,0.00012461770339472662,0.0,nan
124,55,8.98847896714911e-05,0.0,nan
124,56,0.00045389892542562014,0.0,nan
124,57,5.306273898412831e-05,0.0,nan
124,58,6.65967302031584e-05,0.0,nan
124,59,7.633536449164484e-05,0.0,nan
124,60,0.00017590731221974864,0.0,nan
124,61,0.00013294652122137663,0.0,nan
124,62,0.0007621996256420721,0.1875,nan
124,63,4.918451190055281e-05,0.0,nan
124,64,0.0002058579959125002,0.0,nan
124,65,0.00020359037454359503,0.0,nan
124,66,0.0002809938650247657,0.0,nan
124,67,0.0002819083739941711,0.0,nan
124,68,0.00011596389885722196,0.0,nan
124,69,0.0002915528530265895,0.0,nan
124,70,7.512293595259871e-05,0.0,nan
124,71,2.024254826607363e-05,0.0,nan
124,72,0.0001579601876212672,0.0,nan
124,73,0.004661594882502426,0.1875,nan
124,74,0.0001847772289029711,0.0,nan
124,75,0.00020764509619553673,0.0,nan
124,76,0.0009599777315151526,0.0,nan
124,77,0.00013424312740133778,0.0,nan
124,78,0.00023130584887989195,0.0,nan
124,79,5.7516057178020534e-05,0.0,nan
124,80,9.303531616041991e-05,0.0,nan
124,81,0.00020074624433525777,0.0,nan
124,82,0.0007035246013924422,0.0,nan
124,83,0.00012147738756640492,0.0,nan
124,84,0.00015891343518014756,0.0,nan
124,85,0.00032374081016422915,0.0,nan
124,86,0.00010293490395699282,0.0,nan
124,87,0.0002698958569114335,0.0,nan
124,88,0.00016999172801775695,0.0,nan
124,89,0.000127122517302391,0.0,nan
124,90,0.00012201328233323196,0.0,nan
124,91,0.00019124585047740998,0.0,nan
124,92,0.00016129934238883674,0.0,nan
124,93,0.00018188452876437318,0.0,nan
124,94,0.00024537326163732857,0.0,nan
124,95,7.408694001101542e-05,0.0,nan
124,96,0.00019040638059533553,0.0,nan
124,97,0.00040891021595175194,0.0,nan
124,98,8.932112702549763e-05,0.0,nan
124,99,0.00012854281630484684,0.0,nan
125,0,0.000133638356874839,0.0,1.934374185557808e-05
125,1,0.00015766694624678413,0.0,0.00020903219916773864
125,2,0.00016999430244816132,0.0,8.449451429364354e-05
125,3,0.00043616904110978987,0.0,0.000544030245504903
125,4,8.611545495394439e-05,0.0,3.1097884687748246e-06
125,5,0.058103176308505006,0.6875,0.3193248205543972
125,6,8.759899920234154e-05,0.0,1.1956652817736164e-05
125,7,0.00014928444943848972,0.0,6.383730171469794e-05
125,8,0.05839844690800121,0.875,0.17122261974772152
125,9,0.00017807589710091973,0.0,1.8099273316492893e-05
125,10,7.926074358620132e-05,0.0,1.1507863686582853e-05
125,11,0.0001664903064832159,0.0,0.00019611213691738454
125,12,0.00024234563206376644,0.0,0.00013071095274853328
125,13,6.508225075504504e-05,0.0,5.9353592016376384e-05
125,14,0.026751386186592015,0.6875,0.26143641538480084
125,15,0.00045241414066662694,0.0625,0.005613402512840567
125,16,0.011539225108951667,0.125,0.02930001047586841
125,17,7.612776765124674e-05,0.0,2.4798706725979644e-05
125,18,0.00021553776827730144,0.0,6.597382312887773e-05
125,19,0.00028091600050935686,0.0,8.908342599819946e-05
125,20,0.0002476528008555676,0.0,6.869577570716126e-05
125,21,0.00016170005737956678,0.0,1.542781231709593e-05
125,22,0.00037198735746477604,0.0625,0.005954861737982697
125,23,8.217212218458122e-05,0.0,1.758293504559273e-05
125,24,0.00016600243791621393,0.0,0.0001494389573684557
125,25,5.198322138994004e-05,0.0,1.184829839869488e-05
125,26,0.00014320441879133824,0.0,5.746948685494767e-05
125,27,0.00016956045907837896,0.0,0.0001816868288321478
125,28,0.00010492553545307087,0.0,1.1174287696549337e-06
125,29,0.0001481467511716545,0.0,6.761617452091174e-06
125,30,0.0003595123141661878,0.0,7.30787796192074e-05
125,31,7.541573543791106e-05,0.0,5.568936563039827e-06
125,32,0.0007275089214004533,0.0,0.00367975887424416
125,33,0.0001718944397067246,0.0,0.0001099264421688453
125,34,0.00014593659049602897,0.0,7.3973044922581994e-06
125,35,7.349062354813793e-05,0.0,2.383332727663649e-06
125,36,0.00018622784753435175,0.0,0.0004452839900989363
125,37,8.978106086833456e-05,0.0,0.00015074247887221452
125,38,0.00031043143229548035,0.0625,0.0015552285198207909
125,39,0.00015328129273990075,0.0,0.00018148102416800738
125,40,0.0002486732667005149,0.0,0.0002688118498881568
125,41,0.0001397181817792189,0.0,5.888374129371396e-06
125,42,0.018124476318347956,0.5,0.0650542025868139
125,43,0.00032394593823059474,0.0,0.0004482129332047174
125,44,5.5950411864739204e-05,0.0,0.00010407913924702783
125,45,0.00016369976314909866,0.0,7.585637612831246e-05
125,46,0.0001349730062280858,0.0,4.271046820046647e-06
125,47,0.0001369468547557081,0.0,0.00015463482894219422
125,48,0.00013582823609663449,0.0,3.8094200955992086e-05
125,49,0.00021634105417378958,0.0,0.00014448642827096864
125,50,8.496141179995248e-05,0.0,0.00016140386982152951
125,51,8.711120852905355e-05,0.0,1.4708258897385256e-05
125,52,8.028270363344578e-05,0.0,9.081814146896915e-05
125,53,0.0001194113517307081,0.0,5.026645402688061e-05
125,54,0.0001227199429468286,0.0,5.415335781417227e-06
125,55,4.505474994332991e-05,0.0,3.9446235434571986e-05
125,56,0.0002827927246597803,0.0,0.0001529432895257659
125,57,8.390592614934369e-05,0.0,2.0413371063477002e-05
125,58,0.0001143828347355255,0.0,1.9998886613694704e-05
125,59,4.664028548497797e-05,0.0,1.9848449822068378e-06
125,60,0.00012942088801710767,0.0,6.215420619992271e-05
125,61,6.247688751669572e-05,0.0,7.732957762470859e-06
125,62,0.00011972341764962383,0.0,0.00027266122326177213
125,63,0.0001322762625186537,0.0,1.0094447338622737e-05
125,64,0.00021902316029810668,0.0,0.0001631504212642999
125,65,0.0001412601322061507,0.0,0.00014672643403470378
125,66,0.00016430071078108496,0.0,0.0007886195930311442
125,67,0.0002792825149157388,0.0,0.00014131478431662873
125,68,0.00015231940436213768,0.0,0.0004317127191828906
125,69,0.00015369019843899343,0.0,1.8655938729952692e-06
125,70,0.0002114389902434242,0.0,2.3644675557471494e-05
125,71,0.00013446171099037356,0.0,9.375283418344655e-06
125,72,8.951481918849068e-05,0.0,5.780776901440119e-05
125,73,0.029940378508690947,0.5625,0.06559344778293948
125,74,0.00017971599733638074,0.0,8.439542531721876e-05
125,75,0.000443858961728857,0.0,0.00014092664559652013
125,76,0.00027816175013498556,0.0,0.0007183395137580755
125,77,0.00032868542672459826,0.0,0.0005053518344150901
125,78,0.00014611141732670361,0.0,8.372722048356801e-05
125,79,9.717833646159896e-05,0.0,1.6025965034300795e-05
125,80,9.309305901561277e-05,0.0,0.00011329205498062364
125,81,6.176467037107988e-05,0.0,8.786128949401013e-06
125,82,0.000138857304141883,0.0,3.161062005131475e-05
125,83,0.00018759192168397168,0.0,1.7397760731195014e-05
125,84,8.801341095323439e-05,0.0,0.00010059965363703044
125,85,0.00014133351828319373,0.0,0.00011867650438664526
125,86,0.00024759698053271095,0.0,0.00025043174495365433
125,87,7.810617634414958e-05,0.0,0.0001834106064162391
125,88,8.43730469743391e-05,0.0,4.4171814972324995e-06
125,89,6.649943795266892e-05,0.0,5.47270260300547e-05
125,90,0.00016013096480222582,0.0,0.00022912180616723235
125,91,7.974240454325441e-05,0.0,0.0001928553848959116
125,92,3.307782137282568e-05,0.0,7.70981311438232e-06
125,93,0.00021991237821559204,0.0,7.041329821450193e-06
125,94,0.00021813535775849367,0.0,0.0001527453405735685
125,95,0.0001253046144302349,0.0,2.7852784829377967e-05
125,96,9.111228992538722e-05,0.0,1.569579676350111e-05
125,97,0.002744854773879653,0.3125,0.06099857917416624
125,98,0.00021377386176621877,0.0,0.00022299229753124875
125,99,0.00017534458573566287,0.0,4.259258719349521e-05
126,0,8.793508713240064e-05,0.0,nan
126,1,0.00024145167477662862,0.0,nan
126,2,0.00011517019826947457,0.0,nan
126,3,0.00011734260961896958,0.0,nan
126,4,0.00012837272407613314,0.0,nan
126,5,0.09499172466079822,1.0,nan
126,6,0.0001971286203125506,0.0,nan
126,7,0.00010985329744026863,0.0,nan
126,8,0.03756845846615746,0.75,nan
126,9,0.00021472271327675193,0.0,nan
126,10,0.000132190408581761,0.0,nan
126,11,0.00018263133261821752,0.0,nan
126,12,0.0002754962870666091,0.0,nan
126,13,0.00017772028715967562,0.0,nan
126,14,0.021749032519176703,0.625,nan
126,15,0.0004132421915819042,0.0,nan
126,16,0.010931183737158574,0.1875,nan
126,17,0.00022535440017331466,0.0,nan
126,18,0.0003875712158172331,0.0,nan
126,19,0.00024262297879770555,0.0,nan
126,20,4.07468184183828e-05,0.0,nan
126,21,0.0001054418411575331,0.0,nan
126,22,6.41650271173177e-05,0.0,nan
126,23,0.0001014805256977169,0.0,nan
126,24,3.557077645533951e-05,0.0,nan
126,25,0.00024307053927830267,0.0,nan
126,26,0.0003079157511419458,0.25,nan
126,27,0.0005469499731216296,0.0,nan
126,28,0.00010928310851212247,0.0,nan
126,29,0.0001293857014943932,0.0,nan
126,30,0.000185459959897988,0.0,nan
126,31,0.00010087626101564577,0.0,nan
126,32,5.427231479230702e-05,0.0,nan
126,33,0.0002625986606944898,0.0,nan
126,34,0.00016857621247927217,0.0,nan
126,35,0.00014010625405034137,0.0,nan
126,36,0.00023004822373292637,0.0,nan
126,37,0.00012660966243598356,0.0,nan
126,38,0.0002693465926461733,0.0,nan
126,39,0.0003402148711723608,0.0,nan
126,40,0.00034722482610520137,0.0,nan
126,41,7.392848371640874e-05,0.0,nan
126,42,0.00021316361725024792,0.0,nan
126,43,0.00014624360014506998,0.0,nan
126,44,0.00016426841714421925,0.0,nan
126,45,8.106745310105726e-05,0.0,nan
126,46,5.409349188910165e-05,0.0,nan
126,47,0.00016421169023263506,0.0,nan
126,48,0.00015813006607313143,0.0,nan
126,49,0.00035043726967563175,0.0,nan
126,50,0.0001491215427371195,0.0,nan
126,51,0.00010945936683101401,0.0,nan
126,52,0.0001899430852863915,0.0,nan
126,53,0.00012732312883418493,0.0,nan
126,54,0.00020949333765773006,0.0,nan
126,55,0.00011767269358013988,0.0,nan
126,56,0.00011872312337909327,0.0,nan
126,57,9.471193001773075e-05,0.0,nan
126,58,0.00040877754154158597,0.0,nan
126,59,0.00015532448627397977,0.0,nan
126,60,5.952262640868869e-05,0.0,nan
126,61,0.00010087981429165989,0.0,nan
126,62,8.887205320090306e-05,0.0,nan
126,63,0.00015147693878644037,0.0,nan
126,64,0.00023695221618983336,0.0,nan
126,65,0.00026360890025008365,0.0,nan
126,66,0.000565442047992751,0.0,nan
126,67,0.00011857749528765852,0.0,nan
126,68,5.684104887649825e-05,0.0,nan
126,69,5.41035517845932e-05,0.0,nan
126,70,0.00021146775130764453,0.0,nan
126,71,0.0001802053799391374,0.0,nan
126,72,5.821487553247486e-05,0.0,nan
126,73,0.0005730659577584808,0.25,nan
126,74,0.00012491758393128735,0.0,nan
126,75,0.00010860711830124543,0.0,nan
126,76,0.00028650701834059616,0.0,nan
126,77,0.00019679637739590972,0.0,nan
126,78,8.996432478351003e-05,0.0,nan
126,79,0.00015615747483254294,0.0,nan
126,80,0.00012475784131459232,0.0,nan
126,81,6.49987069665348e-05,0.0,nan
126,82,0.0001530625125168697,0.0,nan
126,83,0.00012969819920025786,0.0,nan
126,84,0.00016096102105863616,0.0,nan
126,85,0.0001208383967333378,0.0,nan
126,86,0.0001544116718170844,0.0,nan
126,87,0.0002403755663936673,0.0,nan
126,88,5.189730193055481e-05,0.0,nan
126,89,0.0001005503329660647,0.0,nan
126,90,5.5558581271448007e-05,0.0,nan
126,91,7.017776574409456e-05,0.0,nan
126,92,8.133089231903452e-05,0.0,nan
126,93,0.00015058352077146255,0.0,nan
126,94,0.0001833650885670825,0.0,nan
126,95,3.2457242586864006e-05,0.0,nan
126,96,0.0001693904380833951,0.0,nan
126,97,0.001319532443625454,0.125,nan
126,98,0.00011386853875522511,0.0,nan
126,99,6.328540588578362e-05,0.0,nan
127,0,0.00019126950468357454,0.0,nan
127,1,0.00043572697642956025,0.0,nan
127,2,8.871904589037637e-05,0.0,nan
127,3,0.00020695233846744967,0.0,nan
127,4,0.00038933792208778006,0.0625,nan
127,5,0.05488649150230062,0.75,nan
127,6,0.00028560717353422443,0.0,nan
127,7,0.00020341710168483244,0.0,nan
127,8,0.04591444846933543,0.875,nan
127,9,0.00011952801950412782,0.0,nan
127,10,0.00010055051372267157,0.0,nan
127,11,6.843506987886656e-05,0.0,nan
127,12,0.00012084602005819203,0.0,nan
127,13,0.00024400437743994798,0.0625,nan
127,14,0.00019255437610989212,0.0625,nan
127,15,6.0107816821146487e-05,0.0,nan
127,16,0.010698821318898667,0.125,nan
127,17,7.017222851004906e-05,0.0,nan
127,18,0.00015856434306458364,0.0,nan
127,19,0.0001222162086477337,0.0,nan
127,20,0.00014090352996696718,0.0,nan
127,21,0.00012596527358892906,0.0,nan
127,22,0.0011614953059149605,0.0625,nan
127,23,9.518577959862013e-05,0.0,nan
127,24,0.00038768789596413454,0.0625,nan
127,25,0.00019787100874728544,0.0,nan
127,26,0.00021660819085297657,0.0,nan
127,27,0.0001225998173515089,0.0,nan
127,28,0.00017240694321533147,0.0,nan
127,29,5.206736222398177e-05,0.0,nan
127,30,0.0002706344949169051,0.0,nan
127,31,9.928635073588467e-05,0.0,nan
127,32,0.00011092256356862976,0.0,nan
127,33,0.00023018749495895958,0.0,nan
127,34,0.00014240234997066635,0.0,nan
127,35,0.00013092959518151104,0.0,nan
127,36,0.00019033986604988673,0.0,nan
127,37,0.00024916469390302273,0.0,nan
127,38,0.00010023953492551282,0.0,nan
127,39,0.0001312104153234612,0.0,nan
127,40,5.3533955476054244e-05,0.0,nan
127,41,0.00011154853618396724,0.0,nan
127,42,0.00022075135992522844,0.0625,nan
127,43,6.793878920894091e-05,0.0,nan
127,44,0.0001257062579201392,0.0,nan
127,45,0.00030415291743725304,0.0,nan
127,46,0.00010888066454815639,0.0,nan
127,47,0.00017223124229197965,0.0,nan
127,48,0.0001182647231371063,0.0,nan
127,49,0.0002791866406793364,0.0,nan
127,50,3.5143001528325744e-05,0.0,nan
127,51,0.00010188091912386871,0.0,nan
127,52,4.9869503590384e-05,0.0,nan
127,53,0.00011959505511428542,0.0,nan
127,54,9.42094584440888e-05,0.0,nan
127,55,7.155534761828003e-05,0.0,nan
127,56,7.424084093679437e-05,0.0,nan
127,57,0.0003290570303974757,0.0,nan
127,58,0.00011905707745372919,0.0,nan
127,59,0.00017026908849466447,0.0,nan
127,60,7.898479410575233e-05,0.0,nan
127,61,7.945209642650863e-05,0.0,nan
127,62,0.0001793362694623861,0.0,nan
127,63,7.582833727359846e-05,0.0,nan
127,64,0.0006331724746767421,0.0625,nan
127,65,0.0001723805320866349,0.0,nan
127,66,0.000161302060218014,0.0,nan
127,67,0.00013654944514116438,0.0,nan
127,68,0.00014950132501518758,0.0,nan
127,69,0.00016374859337531548,0.0,nan
127,70,0.00017210984958292733,0.0,nan
127,71,0.0003122911271807368,0.0,nan
127,72,6.115054782056609e-05,0.0,nan
127,73,0.005303927348970486,0.1875,nan
127,74,0.0001272453023840457,0.0,nan
127,75,0.00011578807282766688,0.0,nan
127,76,9.506228595039562e-05,0.0,nan
127,77,0.0002257476312290426,0.0625,nan
127,78,0.00018156525173528514,0.0,nan
127,79,0.00017606591106847526,0.0,nan
127,80,4.537943585410136e-05,0.0,nan
127,81,0.00019013280151243924,0.0,nan
127,82,0.00025476890036293915,0.0,nan
127,83,0.0002779177243337215,0.0,nan
127,84,5.700016240717558e-05,0.0,nan
127,85,0.0001565415385853964,0.0,nan
127,86,0.00017493889226084116,0.0,nan
127,87,4.495653044604911e-05,0.0,nan
127,88,0.00016110114129467144,0.0,nan
127,89,2.9111062181666323e-05,0.0,nan
127,90,0.00027530332288376103,0.0,nan
127,91,6.021766716224794e-05,0.0,nan
127,92,0.00013383638885145318,0.0,nan
127,93,0.00011867040905982293,0.0,nan
127,94,0.00023065020793638116,0.0,nan
127,95,0.00012420585200992196,0.0,nan
127,96,9.978880090548574e-05,0.0,nan
127,97,0.12315470765757157,0.9375,nan
127,98,0.0002840455676164841,0.0,nan
127,99,0.00019161761352277346,0.0,nan
128,0,0.00011069239954580642,0.0,nan
128,1,7.336981152899465e-05,0.0,nan
128,2,0.00012969052451385993,0.0,nan
128,3,0.000171516441575564,0.0,nan
128,4,0.00038361100367201496,0.0,nan
128,5,0.08243322204114528,0.875,nan
128,6,5.2349806632679274e-05,0.0,nan
128,7,8.597754011160482e-05,0.0,nan
128,8,0.0755075390251469,1.0,nan
128,9,0.0002702672536099429,0.0,nan
128,10,6.845495886187367e-05,0.0,nan
128,11,0.00010911624770959729,0.0,nan
128,12,9.775479592329141e-05,0.0,nan
128,13,0.00019510110820723507,0.0,nan
128,14,0.020309625385457726,0.5,nan
128,15,0.10544384442563094,0.875,nan
128,16,0.010761629889220638,0.0625,nan
128,17,6.977164102301422e-05,0.0,nan
128,18,8.845446690501822e-05,0.0,nan
128,19,8.909423500979648e-05,0.0,nan
128,20,3.997923001395316e-05,0.0,nan
128,21,0.00014862211062349718,0.0,nan
128,22,0.0003141260062878764,0.0,nan
128,23,5.4885015047037564e-05,0.0,nan
128,24,0.00019318062197339384,0.0,nan
128,25,8.737615975132148e-05,0.0,nan
128,26,0.0001837958157428551,0.0,nan
128,27,5.4278723763763885e-05,0.0,nan
128,28,8.522200523886425e-05,0.0,nan
128,29,3.085253536466402e-05,0.0,nan
128,30,8.365064734446907e-05,0.0,nan
128,31,5.116165105675594e-05,0.0,nan
128,32,0.0002496695607396643,0.0,nan
128,33,0.00016133110955479283,0.0,nan
128,34,0.00013315786185475034,0.0,nan
128,35,5.657010617233791e-05,0.0,nan
128,36,0.0002193273525317891,0.0,nan
128,37,9.939229596142078e-05,0.0,nan
128,38,9.260115836519259e-05,0.0,nan
128,39,0.00018502909412364333,0.0,nan
128,40,0.0001655051304389893,0.0,nan
128,41,2.679044617445889e-05,0.0,nan
128,42,7.473073350628941e-05,0.0,nan
128,43,0.00016173536901417513,0.0,nan
128,44,0.00011469994486873763,0.0,nan
128,45,0.0002813421174280498,0.0,nan
128,46,0.000218587618389748,0.0,nan
128,47,0.00025387789829737996,0.0,nan
128,48,0.00025477536668007123,0.0,nan
128,49,8.216201103348767e-05,0.0,nan
128,50,0.00020817450079609203,0.0,nan
128,51,0.00012096624863812838,0.0,nan
128,52,0.0001290562037002443,0.0,nan
128,53,0.0002251480406729703,0.0,nan
128,54,3.6219549515658034e-05,0.0,nan
128,55,8.143090597116873e-05,0.0,nan
128,56,0.00020709334337018427,0.0625,nan
128,57,0.0002693792792290004,0.0,nan
128,58,0.0001370205869881252,0.0,nan
128,59,0.00011207553631088444,0.0,nan
128,60,7.013728271242664e-05,0.0,nan
128,61,9.824054136694484e-05,0.0,nan
128,62,0.00020188439007128307,0.0,nan
128,63,0.0001013505876007128,0.0,nan
128,64,0.00014424240019735566,0.0,nan
128,65,0.00020073782504026385,0.0,nan
128,66,9.940432158911468e-05,0.0,nan
128,67,8.517916092994581e-05,0.0,nan
128,68,0.00023079129631234314,0.0,nan
128,69,0.00022551241567825734,0.0,nan
128,70,0.0001235325565599471,0.0,nan
128,71,0.0002131314466246462,0.0,nan
128,72,5.580118675403437e-05,0.0,nan
128,73,0.003598620670245723,0.1875,nan
128,74,0.00011272262428129321,0.0,nan
128,75,0.00016449499397373275,0.0,nan
128,76,5.728590203947281e-05,0.0,nan
128,77,0.00026656765704927295,0.0,nan
128,78,0.0001755462082824107,0.0,nan
128,79,0.00015755769305747063,0.0,nan
128,80,0.00011786289283324254,0.0,nan
128,81,9.95032473470888e-05,0.0,nan
128,82,6.813833507866629e-05,0.0,nan
128,83,0.00021483519442590493,0.0,nan
128,84,0.00015998379380559704,0.0,nan
128,85,8.71443788699854e-05,0.0,nan
128,86,0.0001932294151935543,0.0,nan
128,87,9.441903742718203e-05,0.0,nan
128,88,0.00010199112909652024,0.0,nan
128,89,6.43974123823509e-05,0.0,nan
128,90,7.912119490302366e-05,0.0,nan
128,91,0.00010319874470582732,0.0,nan
128,92,0.0003817597643553242,0.0,nan
128,93,5.343304645158249e-05,0.0,nan
128,94,0.00036271601523219454,0.0,nan
128,95,8.188242795954063e-05,0.0,nan
128,96,0.00015185137958639378,0.0,nan
128,97,0.00025105893198972787,0.0,nan
128,98,0.00013063034875939882,0.0,nan
128,99,0.00010852983502425779,0.0,nan
129,0,0.00019530350328869555,0.0,nan
129,1,0.00016270338670610322,0.0,nan
129,2,0.00016309239862781168,0.0,nan
129,3,0.00012967580999030838,0.0,nan
129,4,0.00013404800421964493,0.0,nan
129,5,0.00033070424763536124,0.1875,nan
129,6,8.948657800226541e-05,0.0,nan
129,7,1.2118884661105552e-05,0.0,nan
129,8,0.019000799078879173,0.4375,nan
129,9,0.00019285537224856113,0.0,nan
129,10,7.21258396194219e-05,0.0,nan
129,11,0.0001734641604154798,0.0,nan
129,12,0.00011277353803584939,0.0,nan
129,13,0.0003621500875777388,0.0,nan
129,14,0.05172696248828823,0.8125,nan
129,15,0.00021058013701342728,0.0,nan
129,16,0.01383679261787829,0.25,nan
129,17,4.8669790282301775e-05,0.0,nan
129,18,0.00010340723120589974,0.0,nan
129,19,0.0001232014337254974,0.0,nan
129,20,0.00010569757958025437,0.0,nan
129,21,0.00010052124097658863,0.0,nan
129,22,5.5210403047967405e-05,0.0,nan
129,23,0.00025323183568904284,0.0,nan
129,24,0.00023744539403991124,0.0,nan
129,25,8.149008253805738e-05,0.0,nan
129,26,0.00021034585294496888,0.0,nan
129,27,0.00026227419699468364,0.0,nan
129,28,0.0002014920440401343,0.0,nan
129,29,7.683727155289091e-05,0.0,nan
129,30,0.00013517838373885708,0.0,nan
129,31,0.00016138063396696947,0.0,nan
129,32,0.00011722321870894578,0.0,nan
129,33,0.0001786169590451214,0.0,nan
129,34,2.7740431646809084e-05,0.0,nan
129,35,8.235929652890397e-05,0.0,nan
129,36,0.00039759177085498356,0.0,nan
129,37,9.334499561576115e-05,0.0,nan
129,38,0.0004091325425561275,0.0,nan
129,39,0.0001283731739151667,0.0,nan
129,40,0.00011693691126741883,0.0,nan
129,41,0.00024769738334604464,0.0,nan
129,42,0.00037470522190569957,0.0,nan
129,43,0.00046833412229692166,0.0,nan
129,44,0.000115785319397176,0.0,nan
129,45,0.00011983318508134149,0.0,nan
129,46,8.087177762438174e-05,0.0,nan
129,47,0.00011798078921427724,0.0,nan
129,48,5.98662129007556e-05,0.0,nan
129,49,0.0003214284669227105,0.0,nan
129,50,0.00024851489510756145,0.0,nan
129,51,8.893452697214191e-05,0.0,nan
129,52,0.00012799181731221876,0.0,nan
129,53,0.00014252595594081387,0.0,nan
129,54,7.043790430047248e-05,0.0,nan
129,55,0.00013839285858025833,0.0,nan
129,56,0.00028273446370830676,0.0,nan
129,57,6.996637534761586e-05,0.0,nan
129,58,0.00012146771898228934,0.0,nan
129,59,0.00021495388035968336,0.0,nan
129,60,8.63108766654589e-05,0.0,nan
129,61,9.513463339472244e-05,0.0,nan
129,62,0.0001755139943853214,0.0,nan
129,63,0.00027925356642420477,0.0,nan
129,64,8.49436835587269e-05,0.0,nan
129,65,0.0005975653606422827,0.0,nan
129,66,0.00017610724960434856,0.0,nan
129,67,8.52737950113638e-05,0.0,nan
129,68,8.868101982014473e-05,0.0,nan
129,69,0.00013054849469195127,0.0,nan
129,70,0.00011354226441603611,0.0,nan
129,71,6.346699637910481e-05,0.0,nan
129,72,0.00021967121902061773,0.0,nan
129,73,0.011258279272381813,0.25,nan
129,74,5.987574070283391e-05,0.0,nan
129,75,0.0001415556303480368,0.0,nan
129,76,0.0001911263188594004,0.0,nan
129,77,0.00027704911628211645,0.0,nan
129,78,6.258353759909603e-05,0.0,nan
129,79,0.00012043282489579941,0.0,nan
129,80,0.0001991971448699107,0.0,nan
129,81,0.0001022773495297327,0.0,nan
129,82,0.0002366850283611254,0.0,nan
129,83,0.00020984594215387733,0.0,nan
129,84,0.00018085892635682336,0.0,nan
129,85,0.0001106143508479633,0.0,nan
129,86,0.000300073067157196,0.0,nan
129,87,0.00034448851686166675,0.0,nan
129,88,8.273457853145126e-05,0.0,nan
129,89,0.00017620178928597324,0.0,nan
129,90,0.0001655106629813383,0.0,nan
129,91,0.08156310831662872,0.9375,nan
129,92,0.00046499431921460374,0.0,nan
129,93,0.00018628751828832387,0.0,nan
129,94,0.000237812613345568,0.0,nan
129,95,0.00021671032235385357,0.0,nan
129,96,0.00017213027679537906,0.0,nan
129,97,0.01324745559937661,0.25,nan
129,98,0.00017160112360767467,0.0,nan
129,99,0.00011605154513425706,0.0,nan
130,0,0.0001240724136498691,0.0,nan
130,1,8.8171061900152e-05,0.0,nan
130,2,0.00011000295263799268,0.0,nan
130,3,5.683871049230143e-05,0.0,nan
130,4,0.0002802574200649803,0.0,nan
130,5,0.00282564383995926,0.1875,nan
130,6,0.000140281039708241,0.0,nan
130,7,0.00012075633577506782,0.0,nan
130,8,0.029304662141181617,0.6875,nan
130,9,0.0007913942866335142,0.0625,nan
130,10,2.0869799211559447e-05,0.0,nan
130,11,0.0001507889577861561,0.0,nan
130,12,0.00016453288287158877,0.0,nan
130,13,0.00043134095565251676,0.0,nan
130,14,0.02767418533527891,0.75,nan
130,15,0.003056197155874442,0.125,nan
130,16,0.013470165026678532,0.1875,nan
130,17,4.7093029013299905e-05,0.0,nan
130,18,0.0001528682663029123,0.0,nan
130,19,8.916401211490037e-05,0.0,nan
130,20,0.0003085154453143803,0.0,nan
130,21,0.00010027570160574496,0.0,nan
130,22,0.00025818563218803827,0.0,nan
130,23,0.0002851435623705337,0.0,nan
130,24,0.0002510524164618354,0.0,nan
130,25,0.00021884623222819379,0.0,nan
130,26,0.0003231200364249691,0.0,nan
130,27,0.0005201113812730319,0.0,nan
130,28,0.00011803202396662131,0.0,nan
130,29,0.0002049426473832186,0.0,nan
130,30,0.000299994227035676,0.0625,nan
130,31,0.00011880905512052527,0.0,nan
130,32,0.00016940255857854066,0.0,nan
130,33,0.0001870130633058672,0.0,nan
130,34,1.7334113611119106e-05,0.0,nan
130,35,0.00012770612503518254,0.0,nan
130,36,0.0002492234082355192,0.0,nan
130,37,0.00025433594995345825,0.0,nan
130,38,7.892810441376976e-05,0.0,nan
130,39,0.00023958502593550107,0.0,nan
130,40,0.00031209749310249764,0.0,nan
130,41,0.00011517566636447085,0.0,nan
130,42,0.0002355176840523346,0.0,nan
130,43,0.00011198926383681715,0.0,nan
130,44,0.00019499557672826071,0.0,nan
130,45,0.00016866719736530195,0.0,nan
130,46,0.00019119248060272452,0.0,nan
130,47,0.00023071791368114186,0.0,nan
130,48,0.00012836507322088825,0.0,nan
130,49,0.00025518333104323365,0.0,nan
130,50,0.00013373791578968392,0.0,nan
130,51,0.00032217683095441473,0.0,nan
130,52,0.00012813497430949963,0.0,nan
130,53,0.00014172346188499386,0.0,nan
130,54,3.6089581840213975e-05,0.0,nan
130,55,0.00010540174669771115,0.0,nan
130,56,0.0002446016249738199,0.0,nan
130,57,0.00015642892148009602,0.0,nan
130,58,1.949005188576558e-05,0.0,nan
130,59,0.00015112893812842655,0.0,nan
130,60,0.00011083087136768074,0.0,nan
130,61,5.7971658772803606e-05,0.0,nan
130,62,0.0006192939118445219,0.0625,nan
130,63,0.00014033378267005672,0.0,nan
130,64,7.666607247357273e-05,0.0,nan
130,65,0.09394359266150155,0.875,nan
130,66,0.0002771700306006778,0.0,nan
130,67,0.00013742777991266854,0.0,nan
130,68,0.0001472426057602724,0.0,nan
130,69,0.00026420601226167606,0.0,nan
130,70,0.00015713286923357063,0.0,nan
130,71,0.0001458410307785916,0.0,nan
130,72,0.0003174471202870408,0.0,nan
130,73,0.0004349285892899943,0.0,nan
130,74,0.00018921731458824276,0.0,nan
130,75,0.0002506417739692755,0.0,nan
130,76,0.0002755820759790742,0.0,nan
130,77,0.00015267761446849067,0.0,nan
130,78,6.387904329285891e-05,0.0,nan
130,79,0.00015619674210889335,0.0,nan
130,80,0.0002231819234277902,0.0,nan
130,81,0.0001574695969596665,0.0,nan
130,82,0.00010060190997370517,0.0,nan
130,83,0.00046216823738457445,0.0,nan
130,84,0.00023370219444230505,0.0,nan
130,85,0.00013676874632094336,0.0,nan
130,86,0.00015160625743018878,0.0,nan
130,87,0.0024634324143126274,0.0,nan
130,88,0.00013373445897476438,0.0,nan
130,89,0.00011060184779853857,0.0,nan
130,90,0.0004358971975296081,0.0,nan
130,91,0.00012086488375886976,0.0,nan
130,92,0.0002083664017816057,0.0,nan
130,93,0.00020930270753158223,0.0,nan
130,94,0.00019682892291782205,0.0,nan
130,95,0.00018077978380472512,0.0,nan
130,96,9.131395832268936e-05,0.0,nan
130,97,0.0006954295429519527,0.125,nan
130,98,0.00011275557668517539,0.0,nan
130,99,0.0009237230560612654,0.0,nan
131,0,0.00024553594274673394,0.0,nan
131,1,0.00014515494373046984,0.0,nan
131,2,0.0001395406455298034,0.0,nan
131,3,0.00010884771779097263,0.0,nan
131,4,0.0002470290910608708,0.0,nan
131,5,0.027470189796943996,0.625,nan
131,6,4.665644810758829e-05,0.0,nan
131,7,0.00037052156768249206,0.0,nan
131,8,0.03643810170925087,0.75,nan
131,9,0.0001874613523848892,0.0,nan
131,10,0.00010040653036012682,0.0,nan
131,11,8.888968144263746e-05,0.0,nan
131,12,0.0001585864836744592,0.0,nan
131,13,0.000270678391138887,0.0,nan
131,14,9.39632284917144e-05,0.0,nan
131,15,0.11324890142045577,1.0,nan
131,16,0.010402609331001227,0.125,nan
131,17,0.00015301811317703804,0.0,nan
131,18,5.872385992490284e-05,0.0,nan
131,19,0.00015602695047333532,0.0,nan
131,20,7.243014849903833e-05,0.0,nan
131,21,0.00010449321855815204,0.0,nan
131,22,0.0007029500689451852,0.0625,nan
131,23,0.0001242302209900644,0.0,nan
131,24,0.0001912396765289397,0.0,nan
131,25,0.00016928982188321403,0.0,nan
131,26,8.809216401166532e-05,0.0,nan
131,27,0.0002770948425313488,0.0,nan
131,28,0.0001073733255242885,0.0,nan
131,29,7.864093616143244e-05,0.0,nan
131,30,0.00016622442711045017,0.0,nan
131,31,7.075227677180757e-05,0.0,nan
131,32,3.6871566418172795e-05,0.0,nan
131,33,0.0002743275223486588,0.0,nan
131,34,0.00013436136245021694,0.0,nan
131,35,0.00014385020793775022,0.0,nan
131,36,0.00011635237096865064,0.0,nan
131,37,0.00018994449179928743,0.0,nan
131,38,0.0005099047246959743,0.0,nan
131,39,0.0002127037353114264,0.0,nan
131,40,0.00020979432091352746,0.0,nan
131,41,0.00012957486711570373,0.0,nan
131,42,0.00013686213429099035,0.0,nan
131,43,0.000139308059820613,0.0,nan
131,44,0.00015952641757305584,0.0,nan
131,45,0.01345636137232967,0.375,nan
131,46,0.000199081089034655,0.0,nan
131,47,0.0024266116395756177,0.125,nan
131,48,0.00012965959215275496,0.0,nan
131,49,0.00019023190980762227,0.0,nan
131,50,8.807514021633858e-05,0.0,nan
131,51,0.00011727715789512393,0.0,nan
131,52,6.046277673331932e-05,0.0,nan
131,53,0.0002829600957431795,0.0625,nan
131,54,0.00030422246625238635,0.0,nan
131,55,0.00024224548211047576,0.0,nan
131,56,0.00014907125264639395,0.0,nan
131,57,0.00011736256714341463,0.0,nan
131,58,0.00017035508776718796,0.0,nan
131,59,0.00013130415987055774,0.0,nan
131,60,0.00011486494512697728,0.0,nan
131,61,0.00020822415283260694,0.0,nan
131,62,0.0001635926502456569,0.0,nan
131,63,0.00012952639574530537,0.0,nan
131,64,0.000713897734112474,0.0,nan
131,65,4.79258911170777e-05,0.0,nan
131,66,0.0001369225899659778,0.0,nan
131,67,0.00011924320725977875,0.0,nan
131,68,0.00015445019143326446,0.0,nan
131,69,9.828002390958703e-05,0.0,nan
131,70,0.00026736421466666213,0.0,nan
131,71,9.70278141162069e-05,0.0,nan
131,72,0.00013143888658233126,0.0,nan
131,73,0.0006761925296412698,0.0,nan
131,74,9.600638164150728e-05,0.0,nan
131,75,5.9225851080471414e-05,0.0,nan
131,76,0.0001389756663839554,0.0,nan
131,77,0.00022203389205097834,0.0,nan
131,78,0.00037220663041448925,0.0,nan
131,79,0.0001399713118466264,0.0,nan
131,80,0.00022845168100063122,0.0,nan
131,81,0.00019213575888343473,0.0,nan
131,82,0.0001989746396879873,0.0,nan
131,83,0.000185925390532703,0.0,nan
131,84,0.00011628613926825084,0.0,nan
131,85,0.00016703067774002264,0.0,nan
131,86,7.620662427478922e-05,0.0,nan
131,87,0.0012549949441534522,0.0,nan
131,88,0.0001380581383464837,0.0,nan
131,89,0.0001346203646366335,0.0,nan
131,90,0.00022420241880541234,0.0,nan
131,91,0.00017214116999329988,0.0,nan
131,92,0.00019837133307883367,0.0,nan
131,93,0.00014844644246171028,0.0,nan
131,94,5.456617150898054e-05,0.0,nan
131,95,0.0001588427770504148,0.0,nan
131,96,0.00013751966127083148,0.0,nan
131,97,8.632423591159845e-05,0.0,nan
131,98,0.00020241811549325087,0.0,nan
131,99,0.00018649372876733124,0.0,nan
132,0,0.00015815013365982076,0.0,nan
132,1,0.0004445628704664858,0.0,nan
132,2,0.0001601788193551462,0.0,nan
132,3,0.00034268090377991337,0.0,nan
132,4,0.0001845782213450372,0.0,nan
132,5,0.026472589461029844,0.625,nan
132,6,0.0002105224621083983,0.0,nan
132,7,0.00029308661875511916,0.0,nan
132,8,0.004518791116206048,0.0,nan
132,9,0.00027691055060853777,0.0625,nan
132,10,5.335158272918537e-05,0.0,nan
132,11,9.363589049821578e-05,0.0,nan
132,12,0.0005748479166049639,0.0,nan
132,13,0.0001347178431269886,0.0,nan
132,14,0.0002132690989444436,0.0,nan
132,15,0.10186079337559475,0.875,nan
132,16,0.014665942321311451,0.25,nan
132,17,0.00033558812813816956,0.0,nan
132,18,0.00010287707339868208,0.0,nan
132,19,0.0003135371165529096,0.0,nan
132,20,0.00014037462161184974,0.0,nan
132,21,0.000113462372898558,0.0,nan
132,22,0.0004619591030415748,0.0,nan
132,23,0.0002706530461316523,0.0,nan
132,24,0.0003805917939723936,0.0,nan
132,25,0.00021924121392322704,0.0,nan
132,26,0.00013348330532358802,0.0,nan
132,27,0.0008173352673009907,0.0,nan
132,28,0.00015910055413294734,0.0,nan
132,29,5.177616985655594e-05,0.0,nan
132,30,0.0001659519521694099,0.0,nan
132,31,0.0002891640972955528,0.0,nan
132,32,0.0001984550425625203,0.0,nan
132,33,0.00029027523491624975,0.0,nan
132,34,0.00015656871644771582,0.0,nan
132,35,0.0002041303480373316,0.0,nan
132,36,0.000536549115061254,0.0,nan
132,37,8.633570025286147e-05,0.0,nan
132,38,0.00035899151683353454,0.0,nan
132,39,5.818853606258771e-05,0.0,nan
132,40,8.118338021627608e-05,0.0,nan
132,41,0.00024055968480435122,0.0,nan
132,42,0.00018857355086924541,0.0,nan
132,43,0.0006322686719589095,0.0,nan
132,44,9.644891870973086e-05,0.0,nan
132,45,0.04334159873355768,0.6875,nan
132,46,0.0007810731436476181,0.0,nan
132,47,0.011432863122200841,0.3125,nan
132,48,0.00024460700206540653,0.0,nan
132,49,0.0005387005544396667,0.0,nan
132,50,0.00010638434610562073,0.0,nan
132,51,0.0003006178296327082,0.0,nan
132,52,0.0003175123092262485,0.0,nan
132,53,0.00020927960213394865,0.0,nan
132,54,6.984588595035113e-05,0.0,nan
132,55,0.00017648703890123767,0.0,nan
132,56,0.0002130383810432507,0.0,nan
132,57,0.00039840909113253626,0.0,nan
132,58,0.0007275093630204588,0.0,nan
132,59,0.0002779856789880328,0.0,nan
132,60,0.00015615367207624063,0.0,nan
132,61,5.126204021974639e-05,0.0,nan
132,62,0.0002266689262197034,0.0,nan
132,63,0.00029534237408484614,0.0,nan
132,64,0.0004008867451981446,0.0,nan
132,65,0.00025730569577933556,0.0,nan
132,66,0.000162432195852387,0.0,nan
132,67,5.624473309531278e-05,0.0,nan
132,68,0.0002578672970096603,0.0,nan
132,69,0.00026434760493595886,0.0,nan
132,70,9.100640776625395e-05,0.0,nan
132,71,0.00011492317371655608,0.0,nan
132,72,0.00015662391935534846,0.0,nan
132,73,0.0005532737168761446,0.0,nan
132,74,0.00028934363461901637,0.0,nan
132,75,0.00019754294166030414,0.0,nan
132,76,0.0014410810633223377,0.0625,nan
132,77,0.0009719250671550337,0.0,nan
132,78,0.0004582889881515419,0.0,nan
132,79,0.00024336847041044968,0.0,nan
132,80,9.748143717836082e-05,0.0,nan
132,81,0.00020034761780153971,0.0,nan
132,82,0.0001378185039874137,0.0,nan
132,83,0.0002674516916359054,0.0,nan
132,84,0.0002295884625627114,0.0,nan
132,85,0.00039547970839889045,0.0,nan
132,86,0.00027238194196156277,0.0,nan
132,87,0.00021638201339215584,0.0,nan
132,88,0.00019941753272474582,0.0,nan
132,89,0.00020165497524846955,0.0,nan
132,90,0.00023355708045024416,0.0,nan
132,91,0.0003421437247026937,0.0625,nan
132,92,0.00013686321770789482,0.0,nan
132,93,0.00024555829272368524,0.0,nan
132,94,0.0005486137929829246,0.0,nan
132,95,0.00011386130301856082,0.0,nan
132,96,0.0003319200152599616,0.0,nan
132,97,0.00011934189268390704,0.0,nan
132,98,0.001026215456985874,0.0,nan
132,99,0.0005214442364857533,0.0,nan
133,0,0.0001334753925671678,0.0,nan
133,1,7.393245661780345e-05,0.0,nan
133,2,0.00018077818594514243,0.0,nan
133,3,0.000273973171724405,0.0,nan
133,4,0.00010012839318265253,0.0,nan
133,5,0.18885945804903753,0.9375,nan
133,6,9.72907225782187e-05,0.0,nan
133,7,6.696534840833633e-05,0.0,nan
133,8,0.027443160339628576,0.6875,nan
133,9,0.00014304960587450266,0.0,nan
133,10,8.686989356256336e-05,0.0,nan
133,11,0.00014994004470705242,0.0,nan
133,12,0.00010806563974315766,0.0,nan
133,13,0.00044560664186656427,0.0625,nan
133,14,0.027855057723799884,0.625,nan
133,15,0.00022634431517187494,0.0,nan
133,16,0.013857344426744054,0.3125,nan
133,17,7.316741709123282e-05,0.0,nan
133,18,2.805545630818421e-05,0.0,nan
133,19,5.866919238103196e-05,0.0,nan
133,20,2.711139716411404e-05,0.0,nan
133,21,6.094941286203711e-05,0.0,nan
133,22,0.00034172874145332443,0.0,nan
133,23,8.014581588118531e-05,0.0,nan
133,24,0.0002404911564770646,0.0,nan
133,25,7.122505912096244e-05,0.0,nan
133,26,0.0001719884941632539,0.0,nan
133,27,0.000307487360938749,0.0,nan
133,28,9.286148466567849e-05,0.0,nan
133,29,0.00013333451912866183,0.0,nan
133,30,0.0002492815262288667,0.0,nan
133,31,0.00033082014057711674,0.0,nan
133,32,0.0003124998913453168,0.0,nan
133,33,6.577683116989948e-05,0.0,nan
133,34,0.00012558580328016732,0.0,nan
133,35,0.00025649704449925927,0.0,nan
133,36,0.0001281415289741872,0.0,nan
133,37,0.00015778110172490022,0.0,nan
133,38,0.00012333879489485113,0.0,nan
133,39,0.00020681313225128238,0.0,nan
133,40,0.0002456404512191838,0.0,nan
133,41,7.508436430426812e-05,0.0,nan
133,42,0.00031070912933464244,0.0,nan
133,43,0.00010355016297895101,0.0,nan
133,44,0.0001171174050646177,0.0,nan
133,45,9.450286225595827e-05,0.0,nan
133,46,0.00016690019811134758,0.0,nan
133,47,0.0003072920577033047,0.0,nan
133,48,0.00013006967173041437,0.0,nan
133,49,0.0002460408279062066,0.0,nan
133,50,0.0001708531766813,0.0,nan
133,51,0.000160135612719195,0.0,nan
133,52,0.00011283314589292762,0.0,nan
133,53,0.00011772086079989152,0.0,nan
133,54,0.0001375616206394901,0.0,nan
133,55,0.0002545310557657759,0.0,nan
133,56,0.0002508389625803606,0.0,nan
133,57,0.00017565602599284378,0.0,nan
133,58,0.00014251874111137884,0.0,nan
133,59,0.00021579259732832889,0.0,nan
133,60,0.00012533608581577114,0.0,nan
133,61,0.00010818222060866038,0.0,nan
133,62,0.0004952135873414926,0.0,nan
133,63,0.0001340588532487188,0.0,nan
133,64,0.00023819085135005504,0.0,nan
133,65,0.00011904815815074809,0.0,nan
133,66,0.0002037392189574465,0.0,nan
133,67,0.00029134730770986905,0.0,nan
133,68,0.00012741733748411894,0.0,nan
133,69,0.00017070444828913808,0.0,nan
133,70,0.0004469586247575654,0.0,nan
133,71,0.00018569494261516694,0.0,nan
133,72,6.11060230482984e-05,0.0,nan
133,73,0.00048377655802697245,0.0,nan
133,74,0.00019351521734926243,0.0,nan
133,75,3.5071910008887164e-05,0.0,nan
133,76,0.0004211516988739057,0.0625,nan
133,77,0.00014963192966110776,0.0,nan
133,78,0.00015108065301343176,0.0,nan
133,79,0.00011477738064937787,0.0,nan
133,80,0.00027568854595773796,0.0,nan
133,81,5.9606683940130243e-05,0.0,nan
133,82,0.00022683599787361256,0.0,nan
133,83,0.0001459205463743067,0.0,nan
133,84,5.3691380671788814e-05,0.0,nan
133,85,0.0001322513951345554,0.0,nan
133,86,0.0002102965707364568,0.0,nan
133,87,0.0001059632682970468,0.0,nan
133,88,2.4337431612537202e-05,0.0,nan
133,89,0.00045833190701605626,0.0,nan
133,90,0.0003015086328786358,0.0,nan
133,91,0.00014381970860822592,0.0,nan
133,92,0.00020535018502476794,0.0,nan
133,93,0.00019965440434570417,0.0,nan
133,94,0.00014868182778727878,0.0,nan
133,95,6.428944430137158e-05,0.0,nan
133,96,0.0001862251600573543,0.0,nan
133,97,0.04560973897716626,0.75,nan
133,98,0.00014473308887667414,0.0,nan
133,99,0.00021154374193163225,0.0,nan
134,0,2.0745143051921246e-05,0.0,nan
134,1,2.844465915306582e-05,0.0,nan
134,2,6.62921469401748e-05,0.0,nan
134,3,8.198691756510583e-05,0.0,nan
134,4,0.00013838324138222316,0.0,nan
134,5,0.17044497040606277,0.9375,nan
134,6,2.7179152734535867e-05,0.0,nan
134,7,0.00013288890354233053,0.0,nan
134,8,0.0766079405008955,1.0,nan
134,9,0.00011066524483795876,0.0,nan
134,10,7.533593925683756e-05,0.0,nan
134,11,3.7453066296795e-05,0.0,nan
134,12,5.8283675093862076e-05,0.0,nan
134,13,8.937974245923165e-05,0.0,nan
134,14,0.00020190183184957305,0.0,nan
134,15,0.00012481170346340383,0.0,nan
134,16,0.012579858631324495,0.25,nan
134,17,7.115848421914946e-05,0.0,nan
134,18,8.919493807814629e-05,0.0,nan
134,19,0.00010408907495131515,0.0,nan
134,20,2.6951520875002428e-05,0.0,nan
134,21,4.480017780851802e-05,0.0,nan
134,22,0.00013828812198914885,0.0,nan
134,23,7.27449352063123e-05,0.0,nan
134,24,7.179463793308222e-05,0.0,nan
134,25,0.0003255619107865753,0.0,nan
134,26,0.0001230591432237949,0.0,nan
134,27,0.00015192347948131998,0.0,nan
134,28,9.108379034122735e-05,0.0,nan
134,29,5.628787570116798e-05,0.0,nan
134,30,0.00016141808003592041,0.0,nan
134,31,9.884209886769769e-05,0.0,nan
134,32,0.0004235782674667026,0.0,nan
134,33,0.00010208804318483569,0.0,nan
134,34,0.00016456080030970193,0.0,nan
134,35,7.622682737123553e-05,0.0,nan
134,36,6.750005626720302e-05,0.0,nan
134,37,4.725718106573613e-05,0.0,nan
134,38,0.0005426036333412903,0.0625,nan
134,39,7.070347926645557e-05,0.0,nan
134,40,0.0001651427179577262,0.0,nan
134,41,5.316640250734085e-05,0.0,nan
134,42,0.00013722276035577421,0.0,nan
134,43,7.49685896060787e-05,0.0,nan
134,44,0.00015169331225080003,0.0,nan
134,45,8.169240265282066e-05,0.0625,nan
134,46,5.070934616751763e-05,0.0,nan
134,47,8.651964168026924e-05,0.0,nan
134,48,0.00012711764114783995,0.0,nan
134,49,7.41732148490451e-05,0.0,nan
134,50,0.00011174070478516488,0.0,nan
134,51,5.953788088961625e-05,0.0,nan
134,52,9.117771324922808e-05,0.0,nan
134,53,0.00012044943573871536,0.0,nan
134,54,0.00010754165974906807,0.0,nan
134,55,0.0001657147893789535,0.0,nan
134,56,0.00015001313255613718,0.0,nan
134,57,0.00011614105482672522,0.0,nan
134,58,0.00011729977248820864,0.0,nan
134,59,0.00015100121694097495,0.0,nan
134,60,0.00011716603857489447,0.0,nan
134,61,6.824599077687564e-05,0.0,nan
134,62,3.976679657964441e-05,0.0,nan
134,63,0.00010945298519576165,0.0,nan
134,64,0.019755701079124485,0.5,nan
134,65,9.206162655078205e-05,0.0,nan
134,66,6.222373596722682e-05,0.0,nan
134,67,5.9667375965775456e-05,0.0,nan
134,68,7.159817880320074e-05,0.0,nan
134,69,8.599665213426046e-05,0.0,nan
134,70,4.731552710693677e-05,0.0,nan
134,71,4.217033731365045e-05,0.0,nan
134,72,8.212574279142288e-05,0.0,nan
134,73,0.030738423773047065,0.5625,nan
134,74,9.496628694417759e-05,0.0,nan
134,75,9.237328342114669e-05,0.0,nan
134,76,0.00013729266601337679,0.0,nan
134,77,5.9974348992123515e-05,0.0,nan
134,78,6.107771743004633e-05,0.0,nan
134,79,7.291188101701487e-05,0.0,nan
134,80,0.00011178134875329285,0.0,nan
134,81,2.9754198983891884e-05,0.0,nan
134,82,7.346334776123424e-05,0.0,nan
134,83,3.429456379618304e-05,0.0,nan
134,84,4.3482140050355795e-05,0.0,nan
134,85,5.850668191051641e-05,0.0,nan
134,86,7.839044664220067e-05,0.0,nan
134,87,9.36428392196583e-06,0.0,nan
134,88,4.351874180177147e-05,0.0,nan
134,89,5.694858551037309e-05,0.0,nan
134,90,0.00016630773930757087,0.0,nan
134,91,0.000183578720932641,0.0,nan
134,92,9.275159923494504e-05,0.0,nan
134,93,4.446679177618149e-05,0.0,nan
134,94,5.817840843541453e-05,0.0,nan
134,95,3.7482867237042844e-05,0.0,nan
134,96,5.797974491568866e-05,0.0,nan
134,97,0.014167767242749221,0.375,nan
134,98,9.817996064863803e-05,0.0,nan
134,99,8.313319009789792e-05,0.0,nan
135,0,0.00015094229884076734,0.0,nan
135,1,0.00012958054507060217,0.0,nan
135,2,4.73134386194837e-05,0.0,nan
135,3,0.00016147974178743033,0.0,nan
135,4,7.263238155083944e-05,0.0,nan
135,5,0.0013600085004450637,0.0625,nan
135,6,7.20985628425287e-05,0.0,nan
135,7,0.00025752547325975483,0.0,nan
135,8,0.01659756645449897,0.4375,nan
135,9,0.0001266904348931311,0.0,nan
135,10,0.00018668940780335242,0.0,nan
135,11,0.00018989849448487989,0.0,nan
135,12,0.00011426220830869545,0.0,nan
135,13,0.0001598782557806475,0.0,nan
135,14,0.000528101230593006,0.0,nan
135,15,0.000359931543371537,0.0,nan
135,16,0.030475183939083095,0.875,nan
135,17,7.314913353760963e-05,0.0,nan
135,18,3.163778843063298e-05,0.0,nan
135,19,0.000212758390234173,0.0,nan
135,20,4.051420318231317e-05,0.0,nan
135,21,8.814220973915355e-05,0.0,nan
135,22,0.00041536838245554233,0.0,nan
135,23,8.364233475026957e-05,0.0,nan
135,24,0.00037974257595953893,0.0,nan
135,25,0.0009755421636129613,0.0,nan
135,26,0.0004117363115129337,0.0,nan
135,27,0.00010209190339528803,0.0,nan
135,28,0.00020701344695927735,0.0,nan
135,29,0.00018351433939044648,0.0,nan
135,30,9.814992592551071e-05,0.0,nan
135,31,4.811092908196795e-05,0.0,nan
135,32,4.263632989450455e-05,0.0,nan
135,33,0.00013591507548423655,0.0,nan
135,34,9.42190348975547e-05,0.0,nan
135,35,6.478461464294903e-05,0.0,nan
135,36,0.00010889542628592742,0.0,nan
135,37,7.394524610289957e-05,0.0,nan
135,38,0.000162770849266139,0.0,nan
135,39,0.00014327252149257266,0.0,nan
135,40,9.66941052816339e-05,0.0,nan
135,41,0.0002429900052907511,0.0,nan
135,42,0.00044183224704623034,0.0,nan
135,43,0.00014817065282111296,0.0,nan
135,44,7.874200923435701e-05,0.0,nan
135,45,0.05442783117734029,0.75,nan
135,46,0.00018063142478688096,0.0,nan
135,47,0.004338291874858622,0.1875,nan
135,48,0.00017720718981226505,0.0,nan
135,49,0.0001250949907320055,0.0,nan
135,50,9.466605674001818e-05,0.0,nan
135,51,0.00020918647271228548,0.0,nan
135,52,0.00017752271739608386,0.0,nan
135,53,0.0003085834883323901,0.0,nan
135,54,0.00015038991215184775,0.0,nan
135,55,0.00021960216723628925,0.0,nan
135,56,0.0002309109042089121,0.0,nan
135,57,0.00034111665149786757,0.0,nan
135,58,0.00020154904787662636,0.0,nan
135,59,9.987407359717326e-05,0.0,nan
135,60,0.00011864897267824947,0.0,nan
135,61,8.430162822755782e-05,0.0,nan
135,62,0.00015440220201856224,0.0,nan
135,63,0.000163526119702993,0.0,nan
135,64,0.0012240769420238861,0.125,nan
135,65,0.00017898473454690633,0.0,nan
135,66,0.00021321962834308265,0.0,nan
135,67,3.0978290604949264e-05,0.0,nan
135,68,0.000131050130469001,0.0,nan
135,69,0.00022745323175125558,0.0,nan
135,70,7.530490121514824e-05,0.0,nan
135,71,0.0002030627635367063,0.0,nan
135,72,7.316790163766355e-05,0.0,nan
135,73,0.0004610557191142837,0.0,nan
135,74,0.00012812009422786324,0.0,nan
135,75,0.00011911384615456792,0.0,nan
135,76,7.980250631280951e-05,0.0,nan
135,77,0.000195121328710311,0.0,nan
135,78,3.900095000286789e-05,0.0,nan
135,79,0.0002165345569018873,0.0,nan
135,80,7.668866041566669e-05,0.0,nan
135,81,7.386684221981764e-05,0.0,nan
135,82,0.0001872089526726456,0.0,nan
135,83,0.00012408146567796592,0.0,nan
135,84,4.5897707886345906e-05,0.0,nan
135,85,0.00016629284368116238,0.0,nan
135,86,0.00022725137317343154,0.0,nan
135,87,0.0035766822485514245,0.3125,nan
135,88,0.0002494714858237404,0.0,nan
135,89,0.00014864308866401703,0.0,nan
135,90,0.00010335395921551101,0.0,nan
135,91,0.00014525747213334502,0.0,nan
135,92,3.8441491887912e-05,0.0,nan
135,93,6.758036202847026e-05,0.0,nan
135,94,0.00015858070418088425,0.0,nan
135,95,0.00024071390523963592,0.0,nan
135,96,0.00010144629970286859,0.0,nan
135,97,0.1086296001798881,0.8125,nan
135,98,0.00010440087701603972,0.0,nan
135,99,0.00011349072812054389,0.0,nan
136,0,0.00012686927086809517,0.0,nan
136,1,0.00019104416895214844,0.0,nan
136,2,0.00021420898004161613,0.0,nan
136,3,5.6965760189744847e-05,0.0,nan
136,4,6.12182617794411e-05,0.0,nan
136,5,0.24427311517191141,1.0,nan
136,6,9.967250198211613e-05,0.0,nan
136,7,9.775289682552866e-05,0.0,nan
136,8,0.09620444517630458,0.9375,nan
136,9,0.00010854483036489015,0.0,nan
136,10,0.00012714353666040467,0.0,nan
136,11,0.00010984059182217063,0.0,nan
136,12,0.00010380038531810765,0.0,nan
136,13,0.0001430558226294971,0.0,nan
136,14,0.02840132431605585,0.5625,nan
136,15,0.00022051188423807241,0.0,nan
136,16,0.01955445586137796,0.5,nan
136,17,7.706979671390462e-05,0.0,nan
136,18,0.00020044327556599365,0.0,nan
136,19,0.00015370408026102849,0.0,nan
136,20,5.658392038771027e-05,0.0,nan
136,21,0.00015752206536680073,0.0,nan
136,22,0.00014301243422597823,0.0,nan
136,23,6.24803472454719e-05,0.0,nan
136,24,0.00010646669127691361,0.0,nan
136,25,0.0001531199682846771,0.0,nan
136,26,0.00015021591256818469,0.0,nan
136,27,0.00010317007262414867,0.0,nan
136,28,5.119577744386306e-05,0.0,nan
136,29,0.00012025790629529906,0.0,nan
136,30,5.599253409306147e-05,0.0,nan
136,31,5.6870337819581746e-05,0.0,nan
136,32,0.00018143782988139364,0.0,nan
136,33,2.295411015158447e-05,0.0,nan
136,34,9.476661263397357e-05,0.0,nan
136,35,0.00011038632601195135,0.0,nan
136,36,6.96619540278222e-05,0.0,nan
136,37,6.761696816435775e-05,0.0,nan
136,38,0.00016309009380219058,0.0,nan
136,39,0.00019752043579153995,0.0,nan
136,40,7.66751891876686e-05,0.0,nan
136,41,0.00010749396300602476,0.0,nan
136,42,0.00010854980730072355,0.0,nan
136,43,0.00011658235845399419,0.0,nan
136,44,7.96322400936743e-05,0.0,nan
136,45,0.0001794930036711006,0.0,nan
136,46,8.372349419407038e-05,0.0,nan
136,47,0.00010996240055620178,0.0,nan
136,48,3.5247741367180045e-05,0.0,nan
136,49,0.00012579689440101211,0.0,nan
136,50,9.141391732932727e-05,0.0,nan
136,51,3.145833614448622e-05,0.0,nan
136,52,0.00015532575809105087,0.0,nan
136,53,0.0001491224114958874,0.0,nan
136,54,3.9558451398482994e-05,0.0,nan
136,55,0.0001234832903549441,0.0,nan
136,56,8.119947369578016e-05,0.0,nan
136,57,0.00015359598875328858,0.0,nan
136,58,6.1001852663318655e-05,0.0,nan
136,59,0.00011813148133900945,0.0,nan
136,60,5.38159161979523e-05,0.0,nan
136,61,0.00014083113027878974,0.0,nan
136,62,0.0001543042021827482,0.0,nan
136,63,5.995324997165175e-05,0.0,nan
136,64,0.00026835370448377723,0.0,nan
136,65,0.00011617341322200607,0.0,nan
136,66,0.00010911928328629245,0.0,nan
136,67,0.00010404534886890825,0.0,nan
136,68,0.00012025532651422188,0.0,nan
136,69,3.857773964750066e-05,0.0,nan
136,70,4.6129648684764214e-05,0.0,nan
136,71,6.785049708619889e-05,0.0,nan
136,72,8.977541101352989e-05,0.0,nan
136,73,0.0017960109871248367,0.0625,nan
136,74,4.9009159596852306e-05,0.0,nan
136,75,3.4953687508430397e-05,0.0,nan
136,76,0.0001695076119553989,0.0,nan
136,77,2.5942188738391713e-05,0.0,nan
136,78,0.00017836982371737025,0.0,nan
136,79,7.80915381356749e-05,0.0,nan
136,80,0.00013583062531370818,0.0,nan
136,81,4.807253009588279e-05,0.0,nan
136,82,6.33517349090265e-05,0.0,nan
136,83,7.694758917139412e-05,0.0,nan
136,84,0.00014780924177075115,0.0,nan
136,85,5.288469284776034e-05,0.0,nan
136,86,0.00013184966121317397,0.0,nan
136,87,0.00016520224083664458,0.0,nan
136,88,0.00013443026111997807,0.0,nan
136,89,4.9318817544614666e-05,0.0,nan
136,90,0.00011202152977531828,0.0,nan
136,91,0.00010780389349379443,0.0,nan
136,92,0.00010621947526429094,0.0,nan
136,93,7.029413323898786e-05,0.0,nan
136,94,9.71970545044101e-05,0.0,nan
136,95,0.00010126501789693277,0.0,nan
136,96,0.00014101139844778653,0.0,nan
136,97,0.002443480852073157,0.125,nan
136,98,7.817516376924007e-05,0.0,nan
136,99,5.22942117026337e-05,0.0,nan
137,0,0.00010672198455114243,0.0,nan
137,1,0.0001941427252140637,0.0,nan
137,2,0.00021526003461839468,0.0,nan
137,3,0.00012018605835547002,0.0,nan
137,4,0.00016924928484346848,0.0,nan
137,5,0.06595845422765811,0.625,nan
137,6,8.049507881489108e-05,0.0,nan
137,7,0.00010658497902100487,0.0,nan
137,8,0.03308714335423308,0.6875,nan
137,9,8.017328215595468e-05,0.0,nan
137,10,4.9289103752388146e-05,0.0,nan
137,11,2.2189167696471517e-05,0.0,nan
137,12,8.724052288329349e-05,0.0,nan
137,13,0.00024802291519000373,0.0,nan
137,14,0.00011295522458513932,0.0,nan
137,15,0.005388957898367415,0.125,nan
137,16,0.014683053701625072,0.375,nan
137,17,0.00019583060519408265,0.0,nan
137,18,0.00017850955282222873,0.0,nan
137,19,8.683476289988244e-05,0.0,nan
137,20,8.660415776325775e-05,0.0,nan
137,21,6.197873124227133e-05,0.0,nan
137,22,8.044098111048354e-05,0.0,nan
137,23,0.00019470459673688416,0.0,nan
137,24,0.00011377988535646178,0.0,nan
137,25,0.00018089925667844693,0.0,nan
137,26,0.00014635320993992856,0.0,nan
137,27,0.0002724496172101473,0.0,nan
137,28,0.00012337786868316222,0.0,nan
137,29,9.543391126423648e-05,0.0,nan
137,30,0.00016157517596162706,0.0,nan
137,31,0.00011668216225035335,0.0,nan
137,32,0.0003517124617100108,0.0,nan
137,33,0.00018174582038852326,0.0,nan
137,34,6.599594218983999e-05,0.0,nan
137,35,7.158838747229201e-05,0.0,nan
137,36,0.00013669475732230806,0.0,nan
137,37,0.0001885920439916061,0.0,nan
137,38,6.31472216279183e-05,0.0,nan
137,39,0.0001288308005511281,0.0,nan
137,40,0.00020245330277083066,0.0,nan
137,41,0.00013692619582827346,0.0,nan
137,42,0.0001809453570893216,0.0,nan
137,43,0.00024359630587674988,0.0,nan
137,44,0.0001727824854049893,0.0,nan
137,45,0.14660847782314046,1.0,nan
137,46,0.000150505927999028,0.0,nan
137,47,5.7859944581499474e-05,0.0,nan
137,48,0.00011949806687753286,0.0,nan
137,49,0.0001202456825289337,0.0,nan
137,50,0.00016795511171808515,0.0,nan
137,51,7.49192571761966e-05,0.0,nan
137,52,0.00013384932218165306,0.0,nan
137,53,0.00011554308288187239,0.0,nan
137,54,0.00012365000257160718,0.0,nan
137,55,9.285022624303384e-05,0.0,nan
137,56,1.4247330137424384e-05,0.0,nan
137,57,0.00011751381142848145,0.0,nan
137,58,0.0001684979424395442,0.0,nan
137,59,0.00020597122804271465,0.0,nan
137,60,7.978236568126964e-05,0.0,nan
137,61,0.00012301060463332692,0.0,nan
137,62,0.00016563128750458114,0.0,nan
137,63,4.514898787685384e-05,0.0,nan
137,64,2.6770366532175165e-05,0.0,nan
137,65,0.0003561485741023502,0.0,nan
137,66,9.362078473125315e-05,0.0,nan
137,67,0.00016585454723988747,0.0,nan
137,68,0.0001282902537740871,0.0,nan
137,69,0.0001675553679247934,0.0,nan
137,70,4.928350824129494e-05,0.0,nan
137,71,9.116209851595472e-05,0.0,nan
137,72,0.0001230366804590665,0.0,nan
137,73,0.15509180204290862,0.875,nan
137,74,0.00017662378004746138,0.0,nan
137,75,0.00012972690899754787,0.0,nan
137,76,0.00015465565118515312,0.0,nan
137,77,0.00017304870117536655,0.0,nan
137,78,8.200994447817494e-05,0.0,nan
137,79,0.00016070384359516995,0.0,nan
137,80,8.985690690237189e-05,0.0,nan
137,81,3.393993282231524e-05,0.0,nan
137,82,8.307686165928642e-05,0.0,nan
137,83,4.082127371405787e-05,0.0,nan
137,84,0.0002052775242074798,0.0,nan
137,85,0.00010344572803674352,0.0,nan
137,86,0.00012928159259447246,0.0,nan
137,87,3.3195596677206264e-05,0.0,nan
137,88,0.00013344904965877,0.0,nan
137,89,2.835742729131213e-05,0.0,nan
137,90,0.00016624247996970207,0.0,nan
137,91,0.00026206880667870806,0.0,nan
137,92,0.00022654902402855724,0.0,nan
137,93,0.00015090480707242575,0.0,nan
137,94,0.00011337856802127364,0.0,nan
137,95,8.480402839320864e-05,0.0,nan
137,96,7.699261901550133e-05,0.0,nan
137,97,0.0007469754836733492,0.0,nan
137,98,0.00010005383225929966,0.0,nan
137,99,8.792862685646886e-05,0.0,nan
138,0,7.273755442430848e-05,0.0,nan
138,1,0.00016164700920607,0.0,nan
138,2,0.00010458428173371532,0.0,nan
138,3,0.0001323300524633009,0.0,nan
138,4,5.368008213221203e-05,0.0,nan
138,5,0.000183369438278314,0.0,nan
138,6,4.512669970539687e-05,0.0,nan
138,7,0.00012881916136319712,0.0,nan
138,8,0.03596125565859892,0.875,nan
138,9,0.00020677906003865794,0.0,nan
138,10,4.194480230564444e-05,0.0,nan
138,11,0.00011456924727951538,0.0,nan
138,12,0.00013844174144351232,0.0,nan
138,13,0.00025302156014112335,0.0,nan
138,14,0.0510184418534137,0.75,nan
138,15,6.069408307664322e-05,0.0,nan
138,16,0.0202099101525679,0.5625,nan
138,17,8.369790650889918e-05,0.0,nan
138,18,7.999907805918553e-06,0.0,nan
138,19,5.631034167653193e-05,0.0,nan
138,20,0.00015899942461027327,0.0,nan
138,21,0.00012794851990536964,0.0,nan
138,22,0.000142530953509919,0.0,nan
138,23,9.446094926209074e-05,0.0,nan
138,24,0.00018284529626765435,0.0625,nan
138,25,0.0002955978697979665,0.0,nan
138,26,3.4438362189695104e-05,0.0,nan
138,27,0.00021717242623676592,0.0,nan
138,28,5.284370762723538e-05,0.0,nan
138,29,5.0957219182794846e-05,0.0,nan
138,30,9.085892442434364e-05,0.0,nan
138,31,8.480232586594955e-05,0.0,nan
138,32,0.00010442576878975468,0.0,nan
138,33,7.29801808551137e-05,0.0,nan
138,34,9.26197706752556e-05,0.0,nan
138,35,9.597602313489537e-05,0.0,nan
138,36,1.5093094060678404e-05,0.0,nan
138,37,2.0335248558277185e-05,0.0,nan
138,38,0.0004169781779132869,0.0,nan
138,39,9.728055567716535e-05,0.0,nan
138,40,0.00015826105998833573,0.0,nan
138,41,9.74510495619602e-05,0.0,nan
138,42,3.3127573695711416e-05,0.0,nan
138,43,8.729407565842917e-05,0.0,nan
138,44,8.27172899674916e-05,0.0,nan
138,45,0.1843222089134014,1.0,nan
138,46,0.00012072881697156089,0.0,nan
138,47,0.0020235634174454757,0.125,nan
138,48,8.058932942665814e-05,0.0,nan
138,49,0.00033678539604670935,0.0625,nan
138,50,0.00024570816865495917,0.0,nan
138,51,0.00010733768826489143,0.0,nan
138,52,6.579414168652025e-05,0.0,nan
138,53,4.827047377607701e-05,0.0,nan
138,54,9.622663225757327e-05,0.0,nan
138,55,0.0002291123913133275,0.0,nan
138,56,8.155594659561773e-05,0.0,nan
138,57,0.0003026504928187489,0.0,nan
138,58,7.676955335212682e-05,0.0,nan
138,59,0.0001931421821811991,0.0,nan
138,60,4.087569943835442e-05,0.0,nan
138,61,7.869870556169347e-05,0.0,nan
138,62,0.0001276362964347277,0.0,nan
138,63,5.930075338589477e-05,0.0,nan
138,64,0.00023351441303504542,0.0,nan
138,65,9.745835639973824e-05,0.0,nan
138,66,8.573224840768967e-05,0.0,nan
138,67,0.0001870185330369459,0.0,nan
138,68,0.0002311214327865382,0.0,nan
138,69,0.00010048823047003392,0.0,nan
138,70,0.00012164032621665512,0.0,nan
138,71,8.751694419529302e-05,0.0,nan
138,72,8.255201424141022e-05,0.0,nan
138,73,0.0022091977357636228,0.125,nan
138,74,9.034904147292027e-05,0.0,nan
138,75,0.00022206457939446617,0.0,nan
138,76,0.0001989514423701589,0.0,nan
138,77,9.912514881627743e-05,0.0,nan
138,78,0.00010784466895922797,0.0,nan
138,79,0.00014694953429619117,0.0,nan
138,80,7.855362807094966e-05,0.0,nan
138,81,4.177770051552532e-05,0.0,nan
138,82,9.145015554256296e-05,0.0,nan
138,83,0.00010027669586454971,0.0,nan
138,84,6.100877016326947e-05,0.0,nan
138,85,0.0001209225066205999,0.0,nan
138,86,0.00018507858560237283,0.0,nan
138,87,0.00024893463506720013,0.0,nan
138,88,6.088634586977484e-05,0.0,nan
138,89,0.00010180159669210783,0.0,nan
138,90,0.0001918348605346244,0.0,nan
138,91,7.58824797581091e-05,0.0,nan
138,92,0.0003169141926807014,0.0,nan
138,93,0.00016591400871013892,0.0,nan
138,94,0.0002677519658882123,0.0,nan
138,95,9.630690431232188e-05,0.0,nan
138,96,7.593542469193464e-05,0.0,nan
138,97,0.007525251039921939,0.3125,nan
138,98,0.00015442458746792604,0.0,nan
138,99,0.00019934879796399568,0.0,nan
139,0,0.00013655554218011527,0.0,nan
139,1,0.00025319401740112794,0.0,nan
139,2,5.409751656931751e-05,0.0,nan
139,3,0.00018760015141832347,0.0,nan
139,4,5.169797239284152e-05,0.0,nan
139,5,0.14502937668055094,1.0,nan
139,6,2.4460645496707466e-05,0.0,nan
139,7,5.928500358441559e-05,0.0,nan
139,8,0.048339097528495786,0.875,nan
139,9,3.00337733910759e-05,0.0,nan
139,10,5.9993382804559935e-05,0.0,nan
139,11,0.00010510878907146168,0.0,nan
139,12,5.7746074448834303e-05,0.0,nan
139,13,0.00021091200631230867,0.0,nan
139,14,0.029497671407638253,0.6875,nan
139,15,0.00013741073594953528,0.0,nan
139,16,0.013265881228394047,0.1875,nan
139,17,0.0001406781266730806,0.0,nan
139,18,0.00010794586074204253,0.0,nan
139,19,6.709314335201768e-05,0.0,nan
139,20,1.7943242042543605e-05,0.0,nan
139,21,5.7177894717181174e-05,0.0,nan
139,22,6.652302658775253e-05,0.0,nan
139,23,7.234959688836505e-05,0.0,nan
139,24,9.86443476725808e-05,0.0,nan
139,25,0.0001336609781800611,0.0,nan
139,26,8.82993846693276e-05,0.0,nan
139,27,0.00010929403606092802,0.0,nan
139,28,6.369457713581236e-05,0.0,nan
139,29,0.00010768183129205138,0.0,nan
139,30,0.00019610360630241175,0.0,nan
139,31,3.6002500715025335e-05,0.0,nan
139,32,0.00024462885289852296,0.0,nan
139,33,0.0001395619340304475,0.0,nan
139,34,4.4221154571181655e-05,0.0,nan
139,35,6.286977126768956e-05,0.0,nan
139,36,6.981036761103125e-05,0.0,nan
139,37,8.003641478513429e-05,0.0,nan
139,38,0.0007264254048621986,0.125,nan
139,39,0.00015610207810184485,0.0,nan
139,40,0.00019912457116016654,0.0,nan
139,41,8.113771960006948e-05,0.0,nan
139,42,4.999720856878644e-05,0.0,nan
139,43,5.968222345577648e-05,0.0,nan
139,44,7.415579753344091e-05,0.0,nan
139,45,0.00015620100085021006,0.0,nan
139,46,7.318091469006683e-05,0.0,nan
139,47,0.000311624782805846,0.0,nan
139,48,0.00013488734870948667,0.0,nan
139,49,8.779906994288374e-05,0.0,nan
139,50,0.00010740209452620685,0.0,nan
139,51,6.177515731102834e-05,0.0,nan
139,52,9.822485631005696e-05,0.0,nan
139,53,9.15508607044888e-05,0.0,nan
139,54,6.050443235008187e-05,0.0,nan
139,55,0.00014530693631932632,0.0,nan
139,56,0.00016188621115043793,0.0,nan
139,57,0.00017619790966459903,0.0,nan
139,58,9.195993156123e-05,0.0,nan
139,59,0.00010906072689368513,0.0,nan
139,60,0.00013793259526813107,0.0,nan
139,61,0.00016146314401009346,0.0,nan
139,62,0.00026600654398737435,0.0,nan
139,63,7.342863013126737e-05,0.0,nan
139,64,0.0001701258070028773,0.0625,nan
139,65,7.17115426984433e-05,0.0,nan
139,66,0.00019813420690205054,0.0,nan
139,67,9.032261472400932e-05,0.0,nan
139,68,0.00010287738202175394,0.0,nan
139,69,7.158566903988668e-05,0.0,nan
139,70,0.0001018375637392475,0.0,nan
139,71,0.00012259392173028495,0.0,nan
139,72,4.728328766503898e-05,0.0,nan
139,73,0.0005528287960152986,0.0625,nan
139,74,0.00010200901349977415,0.0,nan
139,75,7.041570234782296e-05,0.0,nan
139,76,0.00011528084374914139,0.0,nan
139,77,0.0001061901773672519,0.0,nan
139,78,7.562899973936151e-05,0.0,nan
139,79,0.00013807954619835504,0.0,nan
139,80,0.00022758973408723348,0.0,nan
139,81,0.00012130729951100941,0.0,nan
139,82,0.00025736280840228003,0.0,nan
139,83,2.0484353442174002e-05,0.0,nan
139,84,8.608971641877578e-05,0.0,nan
139,85,8.079702694971849e-05,0.0,nan
139,86,0.00013060467416654972,0.0,nan
139,87,0.00012277177148699607,0.0,nan
139,88,0.0001357798312977226,0.0,nan
139,89,0.000245319806437343,0.0,nan
139,90,0.00021122086401219824,0.0,nan
139,91,5.498301220077643e-05,0.0,nan
139,92,4.590732020991122e-05,0.0,nan
139,93,4.64142569004316e-05,0.0,nan
139,94,5.1494591173938245e-05,0.0,nan
139,95,8.973361025774609e-05,0.0,nan
139,96,7.038591338386575e-05,0.0,nan
139,97,0.014576503449734369,0.375,nan
139,98,0.0006411047536549786,0.0,nan
139,99,0.00022960959221883325,0.0,nan
140,0,0.00034974112124305714,0.0,nan
140,1,0.00011270468964340352,0.0,nan
140,2,5.3831725752641476e-05,0.0,nan
140,3,0.00013827587256782012,0.0,nan
140,4,0.00011655394971040458,0.0,nan
140,5,0.00012259875428266678,0.0625,nan
140,6,0.0001375523830785668,0.0,nan
140,7,0.00011767510107782364,0.0,nan
140,8,0.01470079380719521,0.25,nan
140,9,0.00018924491186741134,0.0,nan
140,10,0.00010616426561020474,0.0,nan
140,11,0.00023801698098902647,0.0,nan
140,12,0.00010192735941044989,0.0,nan
140,13,0.0002617768425120102,0.0,nan
140,14,0.027645329715126322,0.625,nan
140,15,9.708516904004594e-05,0.0,nan
140,16,0.01096077917860469,0.1875,nan
140,17,0.0002921195112826497,0.0,nan
140,18,0.00014906456025051126,0.0,nan
140,19,3.292112992151312e-05,0.0,nan
140,20,0.0001454359507970729,0.0,nan
140,21,3.25057306112193e-05,0.0,nan
140,22,0.0002821800408483526,0.0625,nan
140,23,0.0003374160652678243,0.0,nan
140,24,0.00011355642334878303,0.0,nan
140,25,5.789709398839971e-05,0.0,nan
140,26,0.0001130381128028022,0.0,nan
140,27,0.00021461156906755731,0.0625,nan
140,28,0.00011404433944540868,0.0,nan
140,29,0.00016965978715160609,0.0,nan
140,30,0.0005910786411451063,0.0,nan
140,31,0.00023825549418621792,0.0,nan
140,32,0.0001694453542506679,0.0,nan
140,33,4.5809130956117954e-05,0.0,nan
140,34,7.278159213762469e-05,0.0,nan
140,35,3.9991844493764215e-05,0.0,nan
140,36,0.0004176116120347249,0.0,nan
140,37,0.000270791423939556,0.0,nan
140,38,2.8269605831308426e-05,0.0,nan
140,39,0.00013439004259521107,0.0,nan
140,40,8.605015041856628e-05,0.0,nan
140,41,9.039754842489226e-05,0.0,nan
140,42,0.00031499234492997135,0.0,nan
140,43,0.00016415495687970553,0.0,nan
140,44,8.665859020204515e-05,0.0,nan
140,45,0.00017467588656142015,0.0,nan
140,46,0.00010577048523975621,0.0,nan
140,47,0.0086734004407787,0.3125,nan
140,48,0.00011383094346190505,0.0,nan
140,49,0.0016737374218142808,0.0,nan
140,50,0.00012632504246386098,0.0,nan
140,51,4.6610036987631676e-05,0.0,nan
140,52,0.0001549680005443864,0.0,nan
140,53,0.00010426091366350977,0.0,nan
140,54,0.00013341671109840447,0.0,nan
140,55,0.00017295552702746027,0.0,nan
140,56,5.178457635363941e-05,0.0,nan
140,57,0.00010419962707684477,0.0,nan
140,58,0.0003043022636290012,0.0,nan
140,59,6.86761154491787e-05,0.0,nan
140,60,0.0001913472760521155,0.0,nan
140,61,0.00011026866817147931,0.0,nan
140,62,6.331981486194837e-05,0.0,nan
140,63,9.633323127213357e-05,0.0,nan
140,64,6.808393517536693e-05,0.0,nan
140,65,0.00011555471393784951,0.0,nan
140,66,0.00038909275977011516,0.0,nan
140,67,5.92329729814752e-05,0.0,nan
140,68,0.00044454540851194944,0.0,nan
140,69,0.00019756912566862978,0.0,nan
140,70,0.0002359747468420151,0.0,nan
140,71,7.56901791333471e-05,0.0,nan
140,72,0.00012102810790354766,0.0,nan
140,73,0.0003554405910764531,0.0,nan
140,74,3.713910666688514e-05,0.0,nan
140,75,3.939626435243293e-05,0.0,nan
140,76,0.001239054445435719,0.0,nan
140,77,0.00040054126061037895,0.0,nan
140,78,8.230848501682215e-05,0.0,nan
140,79,9.824489645466288e-05,0.0,nan
140,80,0.00012348830892205668,0.0,nan
140,81,0.00012701411882136594,0.0,nan
140,82,0.00014108879989461426,0.0,nan
140,83,0.00025445410932672024,0.0,nan
140,84,0.00011732397476630602,0.0,nan
140,85,0.0002122967260290351,0.0,nan
140,86,0.00045528078386260673,0.0,nan
140,87,0.0026436955516943006,0.0625,nan
140,88,6.832438376848675e-05,0.0,nan
140,89,7.017474969617762e-05,0.0,nan
140,90,0.0003032842264720588,0.0,nan
140,91,0.14829928644232415,1.0,nan
140,92,0.00038679836212002943,0.0,nan
140,93,0.00024724954608903337,0.0,nan
140,94,0.00016181210825086493,0.0,nan
140,95,6.077128268891526e-05,0.0,nan
140,96,0.00013197586166885974,0.0,nan
140,97,0.004874182128595728,0.0,nan
140,98,0.0003030535859267194,0.0,nan
140,99,0.00017566342534574897,0.0,nan
141,0,0.00014093512490795113,0.0,nan
141,1,0.00013792045908735573,0.0,nan
141,2,4.990798347625293e-05,0.0,nan
141,3,0.00011742504331813204,0.0,nan
141,4,0.00012281986548537082,0.0,nan
141,5,5.898372875532108e-05,0.0,nan
141,6,9.060753727686077e-05,0.0,nan
141,7,6.862980197048859e-05,0.0,nan
141,8,0.02965135493280409,0.6875,nan
141,9,4.351512341650217e-05,0.0,nan
141,10,5.0933365610455304e-05,0.0,nan
141,11,8.483857745721547e-05,0.0,nan
141,12,0.00010691945114502696,0.0,nan
141,13,0.00012754422126468975,0.0,nan
141,14,0.07409506090116047,0.875,nan
141,15,0.00018272429855395624,0.0,nan
141,16,0.01228281628355396,0.3125,nan
141,17,8.260225941030814e-05,0.0,nan
141,18,6.694523126260372e-05,0.0,nan
141,19,2.3407690681822744e-05,0.0,nan
141,20,0.0001037489996908805,0.0,nan
141,21,6.53588933499561e-05,0.0,nan
141,22,0.0001155463388089984,0.0,nan
141,23,4.715595132025142e-05,0.0,nan
141,24,8.393463563563424e-05,0.0,nan
141,25,0.00020149842359161744,0.0,nan
141,26,5.65956822104038e-05,0.0,nan
141,27,0.00014059242433707322,0.0,nan
141,28,7.15233042258308e-05,0.0,nan
141,29,7.382781018105938e-05,0.0,nan
141,30,0.00015577527128331193,0.0,nan
141,31,5.3279543486468086e-05,0.0,nan
141,32,0.00017867393971452675,0.0,nan
141,33,4.9192771348237486e-05,0.0,nan
141,34,5.4696860698999844e-05,0.0,nan
141,35,8.399950766277105e-05,0.0,nan
141,36,0.00014907020304307783,0.0,nan
141,37,6.295671060122166e-05,0.0,nan
141,38,0.0001539612794197284,0.0,nan
141,39,8.633301768896855e-05,0.0,nan
141,40,6.659377867744267e-05,0.0,nan
141,41,9.129644565127709e-05,0.0,nan
141,42,3.564781869446947e-05,0.0,nan
141,43,0.2596547318849012,1.0,nan
141,44,6.57139315430083e-05,0.0,nan
141,45,9.87312903448121e-05,0.0,nan
141,46,3.824473943556094e-05,0.0,nan
141,47,0.0002063753648508138,0.0,nan
141,48,3.314216331517426e-05,0.0,nan
141,49,8.085905903316409e-05,0.0,nan
141,50,8.074047294108323e-05,0.0,nan
141,51,8.977878627726749e-05,0.0,nan
141,52,0.00012991527482826028,0.0,nan
141,53,0.00013361428719163112,0.0,nan
141,54,0.00014134738425458106,0.0,nan
141,55,0.00020740937383568938,0.0,nan
141,56,0.00030152402526635054,0.0,nan
141,57,5.3509892217096434e-05,0.0,nan
141,58,6.027763606837918e-05,0.0,nan
141,59,8.70217826346216e-05,0.0,nan
141,60,4.8647124463857295e-05,0.0,nan
141,61,4.710398832567014e-05,0.0,nan
141,62,8.512730557579987e-05,0.0,nan
141,63,0.00016515020114303664,0.0,nan
141,64,0.00012428215716598568,0.0,nan
141,65,9.546503690101537e-05,0.0,nan
141,66,7.251250073725681e-05,0.0,nan
141,67,0.00015323831937073194,0.0,nan
141,68,0.00010551395704191412,0.0,nan
141,69,3.525949093009398e-05,0.0,nan
141,70,7.453097916302592e-05,0.0,nan
141,71,9.214897827163843e-05,0.0,nan
141,72,0.00013598902167235522,0.0,nan
141,73,0.035306899514983024,0.625,nan
141,74,0.00037236425320672526,0.0,nan
141,75,0.00016557211186186304,0.0,nan
141,76,0.0001430067868000506,0.0,nan
141,77,0.00010299895564224473,0.0,nan
141,78,6.567967753759591e-05,0.0,nan
141,79,5.018348893790544e-05,0.0,nan
141,80,9.455397446838821e-05,0.0,nan
141,81,0.00010953165766349637,0.0,nan
141,82,0.00013042552724357653,0.0,nan
141,83,8.129888279585598e-05,0.0,nan
141,84,0.00011613800765005591,0.0,nan
141,85,7.96774791128612e-05,0.0,nan
141,86,5.442401674397379e-05,0.0,nan
141,87,0.00012836696284847552,0.0,nan
141,88,0.00011468818736763173,0.0,nan
141,89,9.029961737975874e-05,0.0,nan
141,90,0.00010838688836377753,0.0,nan
141,91,5.0705107192376e-05,0.0,nan
141,92,7.285983549133451e-05,0.0,nan
141,93,6.0833194266054766e-05,0.0,nan
141,94,8.583889248054734e-05,0.0,nan
141,95,4.656121493502171e-05,0.0,nan
141,96,8.049664196966042e-05,0.0,nan
141,97,0.00010648335461887165,0.0,nan
141,98,9.110933581898406e-05,0.0,nan
141,99,0.00018619131078714861,0.0,nan
142,0,0.00010694986634910974,0.0,nan
142,1,0.00020306950896377174,0.0,nan
142,2,0.00020494908932356897,0.0,nan
142,3,9.207569266551482e-05,0.0,nan
142,4,0.00010086080409129955,0.0,nan
142,5,0.00030341184231437955,0.0,nan
142,6,0.00014232337849575294,0.0,nan
142,7,0.0002633307719749291,0.0,nan
142,8,0.04027297894509914,0.9375,nan
142,9,0.00024460382403686633,0.0,nan
142,10,8.394716047993225e-05,0.0,nan
142,11,0.00011321335382459567,0.0,nan
142,12,8.621531143280085e-05,0.0,nan
142,13,0.0002858461561243514,0.0,nan
142,14,0.031916535614565034,0.6875,nan
142,15,0.00026260076087734446,0.0,nan
142,16,0.012078691927474013,0.0625,nan
142,17,0.00016021347906460188,0.0,nan
142,18,3.9789676119936264e-05,0.0,nan
142,19,8.425179585193821e-05,0.0,nan
142,20,7.953825329689767e-05,0.0,nan
142,21,8.821811376944535e-05,0.0,nan
142,22,0.0002327486191358614,0.0,nan
142,23,0.00013333883023706892,0.0,nan
142,24,0.0003691265912166254,0.0,nan
142,25,0.0002387371300089688,0.0,nan
142,26,8.953436830441466e-05,0.0,nan
142,27,0.0002054315675549064,0.0,nan
142,28,7.513260352675445e-05,0.0,nan
142,29,0.00011642513914907738,0.0,nan
142,30,8.967058283209228e-05,0.0,nan
142,31,0.0001713116043300593,0.0,nan
142,32,0.00047450049226049624,0.0,nan
142,33,0.0001243595016870672,0.0,nan
142,34,4.498069314975136e-05,0.0,nan
142,35,0.00010789179955937207,0.0,nan
142,36,0.0016266937925005188,0.0625,nan
142,37,0.00034530392220707,0.0,nan
142,38,0.0007987279865090508,0.0625,nan
142,39,0.0001183540444105904,0.0,nan
142,40,0.00020821815658103742,0.0,nan
142,41,0.00011331053670556128,0.0,nan
142,42,0.0002258609138574502,0.0,nan
142,43,0.00028081667815235884,0.0,nan
142,44,0.00024940158065818484,0.0,nan
142,45,0.0003091980493296851,0.0,nan
142,46,0.00023217859388605151,0.0,nan
142,47,6.914139592221718e-05,0.0,nan
142,48,0.00017401212899882895,0.0,nan
142,49,7.062750740820256e-05,0.0,nan
142,50,8.73701499634883e-05,0.0,nan
142,51,7.072981945258476e-05,0.0,nan
142,52,0.00019035517938916245,0.0,nan
142,53,0.0003555088441851062,0.0,nan
142,54,8.326295140711257e-05,0.0,nan
142,55,0.00021712107389259102,0.0,nan
142,56,0.00013153638832407209,0.0,nan
142,57,0.0001557628863869144,0.0,nan
142,58,6.657792466749372e-05,0.0,nan
142,59,0.00010756374782353316,0.0,nan
142,60,0.00011183568480294443,0.0,nan
142,61,0.00016299105301413098,0.0,nan
142,62,0.0001592898448123804,0.0,nan
142,63,4.575103867646789e-05,0.0,nan
142,64,0.00021900342310092263,0.0,nan
142,65,0.00017786984100590916,0.0,nan
142,66,0.00010708891652420732,0.0,nan
142,67,8.694646046622626e-05,0.0,nan
142,68,0.0003263948206291069,0.0,nan
142,69,2.5564277805203173e-06,0.0,nan
142,70,0.00010055263241990518,0.0,nan
142,71,2.9290080923148437e-05,0.0,nan
142,72,3.687907290973737e-05,0.0,nan
142,73,0.0016880168126626855,0.125,nan
142,74,0.00019748631209332332,0.0,nan
142,75,9.940758104101048e-05,0.0,nan
142,76,9.9836443767835e-05,0.0,nan
142,77,0.00017922664052179424,0.0,nan
142,78,0.00018738504910575113,0.0,nan
142,79,0.00019001479184349942,0.0,nan
142,80,0.00018666963017050956,0.0,nan
142,81,8.440769935438497e-05,0.0,nan
142,82,0.0002880006297937898,0.0,nan
142,83,0.00030854149275812506,0.0,nan
142,84,0.00017375373144538908,0.0,nan
142,85,0.0002907504942280364,0.0,nan
142,86,8.588114659379033e-05,0.0,nan
142,87,0.0002148127180105602,0.0,nan
142,88,0.00011835822101555752,0.0,nan
142,89,0.0004372599996640461,0.0625,nan
142,90,0.00017645687192651557,0.0,nan
142,91,0.16612956778004434,1.0,nan
142,92,0.00015573286746455486,0.0,nan
142,93,0.00020671515551650658,0.0,nan
142,94,0.0006612345367752082,0.0,nan
142,95,0.00010298769993912906,0.0,nan
142,96,4.98337642709228e-05,0.0,nan
142,97,0.011009796687884824,0.3125,nan
142,98,0.00010577289729769741,0.0,nan
142,99,0.0001449740979512608,0.0,nan
143,0,0.0003118453261487644,0.0,nan
143,1,4.5421041660777595e-05,0.0,nan
143,2,0.00015532149022718235,0.0,nan
143,3,5.345725128745074e-05,0.0,nan
143,4,6.656675102934413e-05,0.0,nan
143,5,0.146224913472579,1.0,nan
143,6,0.00015021711970702832,0.0,nan
143,7,0.00014019083612957063,0.0,nan
143,8,0.04032423952449107,0.875,nan
143,9,6.222138197084325e-05,0.0,nan
143,10,5.3967708697170034e-05,0.0,nan
143,11,0.00012618478988611905,0.0,nan
143,12,0.00011200490616885662,0.0,nan
143,13,0.00040295975534749954,0.0,nan
143,14,0.07220194501987945,0.8125,nan
143,15,0.0013250093864120337,0.0,nan
143,16,0.015096565348769391,0.1875,nan
143,17,0.00010143621883325495,0.0,nan
143,18,0.00012559989613126625,0.0,nan
143,19,0.0002697784577610755,0.0,nan
143,20,0.00010559968821526204,0.0,nan
143,21,0.00014494845491989374,0.0,nan
143,22,0.00020434103486086861,0.0,nan
143,23,7.087790233043003e-05,0.0,nan
143,24,3.7965287953117195e-05,0.0,nan
143,25,0.0002166363917809836,0.0625,nan
143,26,0.00010949143765776547,0.0,nan
143,27,5.055142973931183e-05,0.0,nan
143,28,0.0002170340757030134,0.0,nan
143,29,8.515301263953815e-05,0.0,nan
143,30,5.3179321808560255e-05,0.0,nan
143,31,0.00010734575795067782,0.0,nan
143,32,0.0001923314050557547,0.0,nan
143,33,0.0001142213261612706,0.0,nan
143,34,2.6438972669371055e-05,0.0,nan
143,35,2.3526177631146708e-05,0.0,nan
143,36,2.911022076657885e-05,0.0,nan
143,37,2.545595046862747e-05,0.0,nan
143,38,0.00011294307301618173,0.0,nan
143,39,8.796149955054625e-05,0.0,nan
143,40,8.509563370106494e-05,0.0,nan
143,41,7.541999901007274e-05,0.0,nan
143,42,0.000122781940130401,0.0,nan
143,43,8.839042191923422e-05,0.0,nan
143,44,8.748566466259403e-05,0.0,nan
143,45,0.00018456346705274178,0.0,nan
143,46,7.007527914955155e-05,0.0,nan
143,47,0.00028109001939639314,0.0,nan
143,48,0.00010359770955706317,0.0,nan
143,49,0.00013605924187879586,0.0,nan
143,50,0.00011327732656667605,0.0,nan
143,51,0.00012807389553280143,0.0,nan
143,52,0.00011285009233253827,0.0,nan
143,53,7.033300771984197e-05,0.0,nan
143,54,0.0002047279720953725,0.0,nan
143,55,8.873521417397551e-05,0.0,nan
143,56,0.0001061314981945216,0.0,nan
143,57,2.9181585563156354e-05,0.0,nan
143,58,9.901857754512931e-05,0.0,nan
143,59,0.00011874140270048026,0.0,nan
143,60,9.693520708933217e-05,0.0,nan
143,61,6.732342606084835e-05,0.0,nan
143,62,0.0001033977865385828,0.0,nan
143,63,3.586919244322988e-05,0.0,nan
143,64,0.0001337259789388414,0.0625,nan
143,65,9.700144132723646e-05,0.0,nan
143,66,3.3914926249042446e-05,0.0,nan
143,67,8.518954829553419e-05,0.0,nan
143,68,0.00017772688890330357,0.0,nan
143,69,0.0001941900917618912,0.0,nan
143,70,9.361078360555991e-05,0.0,nan
143,71,7.613448623395168e-05,0.0,nan
143,72,0.00012561027908220012,0.0,nan
143,73,0.0006061170278586763,0.0,nan
143,74,1.9063328250580634e-05,0.0,nan
143,75,4.4357485974710515e-05,0.0,nan
143,76,7.35161978546156e-05,0.0,nan
143,77,0.0001801796663856088,0.0,nan
143,78,6.09355361866464e-05,0.0,nan
143,79,0.00013526237434169342,0.0625,nan
143,80,4.332084861030351e-05,0.0,nan
143,81,5.693966852845593e-05,0.0,nan
143,82,0.0001217627227742601,0.0,nan
143,83,0.00019037375323143114,0.0,nan
143,84,0.00010349038179204153,0.0,nan
143,85,0.00016994846691121263,0.0,nan
143,86,0.00011315218757277962,0.0,nan
143,87,0.00017017267250209428,0.0,nan
143,88,0.0001191525926489783,0.0,nan
143,89,7.902353873624862e-05,0.0,nan
143,90,9.115786568395916e-05,0.0,nan
143,91,7.027507074770422e-05,0.0,nan
143,92,0.00012117794753842157,0.0,nan
143,93,3.6857886775187945e-05,0.0,nan
143,94,0.00018446735132688282,0.0,nan
143,95,0.00018808711722305817,0.0,nan
143,96,8.95570872120202e-05,0.0,nan
143,97,0.01843460146094849,0.375,nan
143,98,0.0001185743379801986,0.0,nan
143,99,0.0002536590217866369,0.0,nan
144,0,4.176120584407571e-05,0.0,nan
144,1,0.00021632489091509246,0.0,nan
144,2,0.00012762079377740817,0.0,nan
144,3,0.00010774907123981903,0.0,nan
144,4,0.00015770775913258875,0.0,nan
144,5,0.02808311518508899,0.5625,nan
144,6,4.3371958984968166e-05,0.0,nan
144,7,8.020839159637352e-05,0.0,nan
144,8,0.06271155243396803,1.0,nan
144,9,4.7650235617120195e-05,0.0,nan
144,10,3.902852461781056e-05,0.0,nan
144,11,4.439274894242387e-05,0.0,nan
144,12,5.068961414559312e-05,0.0,nan
144,13,0.00020463945774357466,0.0,nan
144,14,0.019088927218696764,0.5,nan
144,15,6.776998978889063e-05,0.0,nan
144,16,0.011722893621312704,0.125,nan
144,17,7.152742030948266e-05,0.0,nan
144,18,7.854168175218077e-05,0.0,nan
144,19,7.082841978027951e-05,0.0,nan
144,20,3.8810880222365275e-05,0.0,nan
144,21,3.84534933429668e-05,0.0,nan
144,22,0.00019550932659326823,0.0,nan
144,23,8.863986706209275e-05,0.0,nan
144,24,2.301017060523499e-05,0.0,nan
144,25,7.036476869264288e-05,0.0,nan
144,26,4.8191953038089256e-05,0.0,nan
144,27,3.984047810013606e-05,0.0,nan
144,28,8.790580074516231e-05,0.0,nan
144,29,4.868136406497757e-05,0.0,nan
144,30,3.558243656367495e-05,0.0,nan
144,31,0.0001904485931767026,0.0,nan
144,32,4.687941913671242e-05,0.0,nan
144,33,0.00013792834397610964,0.0,nan
144,34,5.615626579532654e-05,0.0,nan
144,35,4.5246609714950505e-05,0.0,nan
144,36,0.00014494344137699054,0.0,nan
144,37,0.00011964704171320831,0.0,nan
144,38,0.00027057761504136255,0.0,nan
144,39,0.00012852245708827129,0.0,nan
144,40,6.934454243277913e-05,0.0,nan
144,41,5.005582924626003e-05,0.0,nan
144,42,0.00013936193381425163,0.0,nan
144,43,8.498395024210758e-05,0.0,nan
144,44,5.838435156225651e-05,0.0,nan
144,45,0.0003730747128065065,0.0,nan
144,46,9.85850386209057e-05,0.0,nan
144,47,0.00010737427781327513,0.0,nan
144,48,0.00010840860522543284,0.0,nan
144,49,0.00013416611910116726,0.0,nan
144,50,0.00011157277052231755,0.0,nan
144,51,7.012550827891806e-05,0.0,nan
144,52,6.725093238074414e-05,0.0,nan
144,53,9.595306728271687e-05,0.0,nan
144,54,2.6732572378232082e-05,0.0,nan
144,55,0.00014633759240904133,0.0,nan
144,56,9.965486245411482e-05,0.0,nan
144,57,6.798181295983332e-05,0.0,nan
144,58,0.00010243966837360211,0.0,nan
144,59,6.352443153163673e-05,0.0,nan
144,60,7.102884731483209e-05,0.0,nan
144,61,0.00014355584329278526,0.0,nan
144,62,0.0001577197105778373,0.0,nan
144,63,8.008490715946892e-05,0.0,nan
144,64,3.2106349194388344e-05,0.0,nan
144,65,0.00010703601239818069,0.0,nan
144,66,0.00010907903102999197,0.0,nan
144,67,0.0001247778550721851,0.0,nan
144,68,0.00016769591912781768,0.0,nan
144,69,8.940675323342652e-05,0.0,nan
144,70,6.37183853861667e-05,0.0,nan
144,71,7.886812332446792e-05,0.0,nan
144,72,0.00010572714167310037,0.0,nan
144,73,0.07807910620864604,0.8125,nan
144,74,0.00016627010692136417,0.0,nan
144,75,0.000280283151354177,0.0,nan
144,76,7.959394600287073e-05,0.0,nan
144,77,0.00017080008037060246,0.0,nan
144,78,8.563807511031076e-05,0.0,nan
144,79,0.00015800841696521416,0.0,nan
144,80,5.679778391272117e-05,0.0,nan
144,81,6.89894975672339e-05,0.0,nan
144,82,4.132151915771529e-05,0.0,nan
144,83,3.086961898396362e-05,0.0,nan
144,84,0.00012885197478564622,0.0,nan
144,85,9.495716119032395e-05,0.0,nan
144,86,0.00037466234233544363,0.0,nan
144,87,6.781134449524784e-05,0.0,nan
144,88,4.4462700836783154e-05,0.0,nan
144,89,0.00011285120327930842,0.0,nan
144,90,0.00012717231048788057,0.0,nan
144,91,5.737489308420824e-05,0.0,nan
144,92,7.971559790035419e-05,0.0,nan
144,93,0.00015438202258078577,0.0,nan
144,94,0.0003755602697408432,0.0,nan
144,95,6.103561744234254e-05,0.0,nan
144,96,7.950470489112068e-05,0.0,nan
144,97,0.06840603896875509,1.0,nan
144,98,8.410800671718402e-05,0.0,nan
144,99,3.05289120998705e-05,0.0,nan
145,0,6.57856430215062e-05,0.0,nan
145,1,0.0001046270258372295,0.0,nan
145,2,7.41109809280572e-05,0.0,nan
145,3,0.00019385335970448429,0.0,nan
145,4,0.00014804692666099114,0.0,nan
145,5,0.062199425684465806,0.9375,nan
145,6,3.9092412891210396e-05,0.0,nan
145,7,0.00014304996658402237,0.0,nan
145,8,0.04470170990385725,0.9375,nan
145,9,0.00017165664266528325,0.0,nan
145,10,0.0001341270948186576,0.0,nan
145,11,0.00017193006386049034,0.0,nan
145,12,0.00016420746174610612,0.0,nan
145,13,0.00010797284560045218,0.0,nan
145,14,0.030348817701271076,0.75,nan
145,15,0.003125435459194012,0.0625,nan
145,16,0.011005315515966195,0.25,nan
145,17,0.0002844171965307613,0.0,nan
145,18,8.06255396323452e-05,0.0,nan
145,19,0.00010124225335484062,0.0,nan
145,20,4.2996844837845386e-05,0.0,nan
145,21,7.146830667488846e-05,0.0,nan
145,22,0.0002124892195552939,0.0,nan
145,23,9.471824362119641e-05,0.0,nan
145,24,0.00015019632209105804,0.0,nan
145,25,0.00013882402079570523,0.0,nan
145,26,9.301114144620921e-06,0.0,nan
145,27,3.30835511838051e-05,0.0,nan
145,28,0.00012212725414135591,0.0,nan
145,29,7.66018365097656e-05,0.0,nan
145,30,0.00011930745525467897,0.0,nan
145,31,6.83665607111922e-05,0.0,nan
145,32,0.00019296967206290302,0.0,nan
145,33,0.00016071043227207935,0.0,nan
145,34,0.0002254041898961217,0.0,nan
145,35,5.0629750255619504e-05,0.0,nan
145,36,0.00018412534497941487,0.0,nan
145,37,0.00010347386388662789,0.0,nan
145,38,5.103256906421129e-05,0.0,nan
145,39,6.893821739885103e-05,0.0,nan
145,40,0.00018713221586511057,0.0,nan
145,41,0.00011822748639961077,0.0,nan
145,42,9.702118520525981e-05,0.0,nan
145,43,8.499982469179599e-05,0.0,nan
145,44,0.0001160556578703266,0.0,nan
145,45,0.0001725396238970925,0.0,nan
145,46,0.0001411664464228026,0.0,nan
145,47,0.0002588953836764202,0.0,nan
145,48,0.00010088505860470527,0.0,nan
145,49,0.00011512494171445601,0.0,nan
145,50,0.00011432208438568985,0.0,nan
145,51,0.00011305241659215246,0.0,nan
145,52,4.4047291988697944e-05,0.0,nan
145,53,4.190952705582693e-05,0.0,nan
145,54,7.05744827557592e-05,0.0,nan
145,55,7.602543473700875e-05,0.0,nan
145,56,9.084136201115806e-05,0.0,nan
145,57,0.00013380374353686776,0.0,nan
145,58,4.832076850530811e-05,0.0,nan
145,59,0.0001510431265201712,0.0,nan
145,60,5.423007069388194e-05,0.0,nan
145,61,8.872247212440811e-05,0.0,nan
145,62,6.413539362933968e-05,0.0,nan
145,63,7.193411502939904e-05,0.0,nan
145,64,5.8134864274501375e-05,0.0,nan
145,65,0.00011977855163746725,0.0,nan
145,66,0.00014777119686537198,0.0,nan
145,67,0.00011300615400510836,0.0,nan
145,68,0.00014928182716073704,0.0,nan
145,69,4.932142613631239e-05,0.0,nan
145,70,6.506116542408702e-05,0.0,nan
145,71,0.00017347187392420256,0.0,nan
145,72,6.713166283952725e-05,0.0,nan
145,73,0.11966674956743473,0.9375,nan
145,74,8.034396357473077e-05,0.0,nan
145,75,0.0001224555269269622,0.0,nan
145,76,0.0007004794540260225,0.0,nan
145,77,0.00012097915053051472,0.0,nan
145,78,2.8693547723768258e-05,0.0,nan
145,79,9.12417570174489e-05,0.0,nan
145,80,1.7326802693528456e-05,0.0,nan
145,81,2.711619908912119e-05,0.0,nan
145,82,9.083373661825844e-05,0.0,nan
145,83,9.455464248037705e-05,0.0,nan
145,84,0.00013564600515338923,0.0,nan
145,85,4.593795555799017e-05,0.0,nan
145,86,7.267748453368831e-05,0.0,nan
145,87,7.062977662495136e-05,0.0,nan
145,88,9.878898097364813e-05,0.0,nan
145,89,6.854211926720577e-05,0.0,nan
145,90,0.0001863283356897714,0.0,nan
145,91,8.195369987552676e-05,0.0,nan
145,92,3.676993508493925e-05,0.0,nan
145,93,2.1355785460553533e-05,0.0,nan
145,94,0.0002652356876718045,0.0,nan
145,95,3.974045522512431e-05,0.0,nan
145,96,8.132292152345319e-05,0.0,nan
145,97,0.0008156766094456695,0.0625,nan
145,98,9.110511425110326e-05,0.0,nan
145,99,6.6022801402464e-05,0.0,nan
146,0,8.205312188911915e-05,0.0,nan
146,1,7.745487329542149e-05,0.0,nan
146,2,6.608477203003997e-05,0.0,nan
146,3,0.00016156365374067947,0.0,nan
146,4,0.00017271163945093912,0.0,nan
146,5,0.14738004779804076,0.9375,nan
146,6,0.0001832192349922998,0.0,nan
146,7,2.3325117222089282e-05,0.0,nan
146,8,0.0523008889789051,0.875,nan
146,9,0.00036761449451252896,0.0,nan
146,10,6.832506103098397e-05,0.0,nan
146,11,3.096107511404038e-05,0.0,nan
146,12,0.00019445473374289657,0.0,nan
146,13,8.007999599571524e-05,0.0,nan
146,14,0.02696369235991887,0.6875,nan
146,15,0.0003687484415621635,0.0,nan
146,16,0.017012175724565724,0.375,nan
146,17,0.0002128495184752183,0.0,nan
146,18,0.00010175135365627752,0.0,nan
146,19,0.00010709851054063857,0.0,nan
146,20,0.00010091106472808592,0.0,nan
146,21,6.172067033360183e-05,0.0,nan
146,22,0.0001523655419635339,0.0,nan
146,23,9.168473538071774e-05,0.0,nan
146,24,0.00014197221457939565,0.0,nan
146,25,9.435438516128729e-05,0.0,nan
146,26,8.457801056269251e-05,0.0,nan
146,27,7.806521063122564e-05,0.0,nan
146,28,3.92013555369824e-05,0.0,nan
146,29,0.00011845141082411699,0.0,nan
146,30,0.0001580524786626824,0.0,nan
146,31,7.901758750047006e-05,0.0,nan
146,32,0.00042869087422942205,0.0,nan
146,33,4.457719711164796e-05,0.0,nan
146,34,0.00011822752022260395,0.0,nan
146,35,9.918131044377317e-05,0.0,nan
146,36,0.00019227126669690983,0.0,nan
146,37,2.0954140113426696e-05,0.0,nan
146,38,0.0010682457166255456,0.125,nan
146,39,4.279201915316967e-05,0.0,nan
146,40,8.369319681975505e-05,0.0,nan
146,41,6.392889246709948e-05,0.0,nan
146,42,4.735681775871263e-05,0.0,nan
146,43,0.00011004039219682222,0.0,nan
146,44,8.07008869957824e-05,0.0,nan
146,45,3.554203452383966e-05,0.0,nan
146,46,3.1226324289968145e-05,0.0,nan
146,47,6.415006459350702e-05,0.0,nan
146,48,0.00013434480570159333,0.0,nan
146,49,0.00021497850234026514,0.0,nan
146,50,0.00013609766351974144,0.0,nan
146,51,2.1227795028555676e-05,0.0,nan
146,52,4.108573389135607e-05,0.0,nan
146,53,0.00014404066483325858,0.0,nan
146,54,7.891105257660516e-05,0.0,nan
146,55,0.00011949683929371087,0.0,nan
146,56,3.758667527669326e-05,0.0,nan
146,57,0.00010314766180960605,0.0,nan
146,58,2.294592392507726e-05,0.0,nan
146,59,8.340890966038753e-05,0.0,nan
146,60,0.0001297635818483629,0.0,nan
146,61,0.0001690596031066091,0.0,nan
146,62,0.0001547952784418679,0.0,nan
146,63,7.86552459749341e-05,0.0,nan
146,64,6.135713105571576e-05,0.0,nan
146,65,4.8993859909868975e-05,0.0,nan
146,66,4.786880572043604e-05,0.0,nan
146,67,8.031755172146976e-05,0.0,nan
146,68,0.00019451556825618403,0.0,nan
146,69,5.5675305378234925e-05,0.0,nan
146,70,6.157038984109665e-05,0.0,nan
146,71,8.461278631741187e-05,0.0,nan
146,72,3.155869331601417e-05,0.0,nan
146,73,0.01469474585060816,0.375,nan
146,74,0.00013310870545617313,0.0,nan
146,75,8.573390954703133e-05,0.0,nan
146,76,7.375721374554755e-05,0.0,nan
146,77,6.518080972939258e-05,0.0,nan
146,78,0.0002152418029220429,0.0,nan
146,79,5.291873629119528e-05,0.0,nan
146,80,0.00011405756333082208,0.0,nan
146,81,6.514554997338884e-05,0.0,nan
146,82,9.069803769722873e-05,0.0,nan
146,83,8.287591785244338e-05,0.0,nan
146,84,4.9023952943100164e-05,0.0,nan
146,85,4.0383109243871324e-05,0.0,nan
146,86,6.344603393729342e-05,0.0,nan
146,87,0.0014231591529704673,0.0,nan
146,88,7.632823958681753e-05,0.0,nan
146,89,0.00013311732738010475,0.0,nan
146,90,0.00011692245636789496,0.0,nan
146,91,9.960398394618512e-05,0.0,nan
146,92,6.156208071355058e-05,0.0,nan
146,93,9.555619891338555e-05,0.0,nan
146,94,9.07658459672662e-05,0.0,nan
146,95,0.0001882162947280065,0.0,nan
146,96,0.00011252643505355002,0.0,nan
146,97,0.012997003265795,0.1875,nan
146,98,6.0902248755816165e-05,0.0,nan
146,99,0.00040656924018218606,0.0,nan
147,0,0.00011142145617343338,0.0,nan
147,1,2.1190280386751938e-05,0.0,nan
147,2,8.812155100763826e-05,0.0,nan
147,3,0.00012578964588075888,0.0,nan
147,4,0.0001244500766585086,0.0,nan
147,5,0.00746896419237345,0.4375,nan
147,6,0.00011556506298115471,0.0,nan
147,7,6.675874576910003e-05,0.0,nan
147,8,0.06187997249156676,1.0,nan
147,9,0.00011264690295246352,0.0,nan
147,10,0.00022732201909366872,0.0,nan
147,11,0.00012585453228074073,0.0,nan
147,12,0.00010689156503913223,0.0,nan
147,13,0.00024688007153484824,0.0,nan
147,14,0.02733819500083018,0.6875,nan
147,15,5.433903994735067e-05,0.0,nan
147,16,0.014446245169564137,0.3125,nan
147,17,5.361217416503999e-05,0.0,nan
147,18,3.642215097988569e-05,0.0,nan
147,19,8.683336890125861e-05,0.0,nan
147,20,5.810219521699282e-05,0.0,nan
147,21,6.54170893976282e-05,0.0,nan
147,22,8.697640879360671e-05,0.0,nan
147,23,4.746543535877551e-05,0.0,nan
147,24,0.00012168721783442643,0.0,nan
147,25,0.00013126703398223482,0.0,nan
147,26,9.852132665591449e-05,0.0,nan
147,27,2.9463744149813712e-05,0.0,nan
147,28,0.00010880389605101137,0.0,nan
147,29,0.00014473028987850925,0.0,nan
147,30,9.917803374879406e-05,0.0625,nan
147,31,4.105865689188014e-05,0.0,nan
147,32,0.0003824627981103075,0.125,nan
147,33,0.00014805077677319047,0.0,nan
147,34,0.00015782614424548856,0.0,nan
147,35,0.00010589670847883723,0.0,nan
147,36,8.706937097941946e-05,0.0,nan
147,37,8.438216797791872e-05,0.0,nan
147,38,0.16879977936888496,1.0,nan
147,39,0.00013673956817226478,0.0,nan
147,40,9.203220513653859e-05,0.0,nan
147,41,8.768976667193992e-05,0.0,nan
147,42,2.7815017392662428e-05,0.0,nan
147,43,0.00023197952143655067,0.0,nan
147,44,0.00012061399017022543,0.0,nan
147,45,6.713624727471134e-05,0.0,nan
147,46,0.00010927232939327342,0.0,nan
147,47,0.00031037561967096287,0.0,nan
147,48,4.917097901692148e-05,0.0,nan
147,49,0.00016090750950590829,0.0,nan
147,50,0.0001144483159847048,0.0,nan
147,51,9.361622903215989e-05,0.0,nan
147,52,0.0001191106303288024,0.0,nan
147,53,7.745596426363893e-05,0.0,nan
147,54,6.458787834981493e-05,0.0,nan
147,55,0.00016856113155476915,0.0,nan
147,56,0.00013273512117864083,0.0,nan
147,57,3.001612166061188e-05,0.0,nan
147,58,2.8364057481631137e-05,0.0,nan
147,59,0.00012619279474280083,0.0,nan
147,60,4.530631054199999e-05,0.0,nan
147,61,0.00011885924640328107,0.0,nan
147,62,0.00018570928418743015,0.0,nan
147,63,7.439913443014832e-05,0.0,nan
147,64,7.059777968843362e-05,0.0,nan
147,65,8.484257449802699e-05,0.0,nan
147,66,0.00011604357349378179,0.0,nan
147,67,8.617484312732968e-05,0.0,nan
147,68,0.00010357320813324621,0.0,nan
147,69,5.672729956991216e-05,0.0,nan
147,70,9.636467295882228e-05,0.0,nan
147,71,5.151624080988603e-05,0.0,nan
147,72,0.0001402509419793517,0.0,nan
147,73,0.013394395220030397,0.375,nan
147,74,0.00023549448392229448,0.0,nan
147,75,0.00012035043403571858,0.0,nan
147,76,9.159449980063412e-05,0.0,nan
147,77,0.00014099203457081,0.0,nan
147,78,3.61064976889293e-05,0.0,nan
147,79,4.775669195455105e-05,0.0,nan
147,80,6.299695022302821e-05,0.0,nan
147,81,8.146794678812149e-05,0.0,nan
147,82,4.206766537325816e-05,0.0,nan
147,83,5.0114954428111605e-05,0.0,nan
147,84,8.594809564985418e-05,0.0,nan
147,85,7.075169614075259e-05,0.0,nan
147,86,0.00022556154307412093,0.0,nan
147,87,8.926024002819702e-05,0.0,nan
147,88,5.5527051036823204e-05,0.0,nan
147,89,7.297877847044332e-05,0.0,nan
147,90,0.00012357123451455112,0.0,nan
147,91,5.565373371368804e-05,0.0,nan
147,92,7.860453659529117e-05,0.0,nan
147,93,0.00011309912417888986,0.0,nan
147,94,0.0002002288043253149,0.0,nan
147,95,0.0001647092020108765,0.0,nan
147,96,6.772269366177192e-05,0.0,nan
147,97,0.00043989750450955416,0.0,nan
147,98,0.00013253725691165743,0.0,nan
147,99,3.7578038577830903e-05,0.0,nan
148,0,0.0001076909114692412,0.0,nan
148,1,6.7999889159014e-05,0.0,nan
148,2,4.24764168329572e-05,0.0,nan
148,3,5.276822919293574e-05,0.0,nan
148,4,0.0002674695111446428,0.0,nan
148,5,0.08175492835378668,0.875,nan
148,6,0.00011804729221744754,0.0,nan
148,7,0.000116966884654423,0.0,nan
148,8,0.060661772512788883,1.0,nan
148,9,0.00010568465710118413,0.0,nan
148,10,7.1653379108947e-05,0.0,nan
148,11,6.484320126121237e-05,0.0,nan
148,12,0.000109394317741243,0.0,nan
148,13,0.00020551042682406286,0.0,nan
148,14,0.020734421562675544,0.5,nan
148,15,0.0004692135079280359,0.0625,nan
148,16,0.011255470995146663,0.125,nan
148,17,0.000147721958964124,0.0,nan
148,18,7.394580292040305e-05,0.0,nan
148,19,5.475745691570698e-05,0.0,nan
148,20,6.162526107670924e-05,0.0,nan
148,21,5.904500644620036e-05,0.0,nan
148,22,5.803891912563708e-05,0.0,nan
148,23,8.106329343840645e-05,0.0,nan
148,24,0.00023307817553211983,0.0,nan
148,25,0.00010063895725733976,0.0,nan
148,26,4.617079437464885e-05,0.0,nan
148,27,4.711053813004584e-05,0.0,nan
148,28,9.460576754882984e-05,0.0,nan
148,29,2.8055361771313703e-05,0.0,nan
148,30,0.00021125813180036942,0.0,nan
148,31,9.393722534630584e-05,0.0,nan
148,32,4.472628201850652e-05,0.0,nan
148,33,0.00011622950780339657,0.0,nan
148,34,6.827917987690146e-05,0.0,nan
148,35,7.203876484257266e-05,0.0,nan
148,36,3.471131651639158e-05,0.0,nan
148,37,0.00014249925320084227,0.0,nan
148,38,0.00014440239181464048,0.0,nan
148,39,3.4504119446202285e-05,0.0,nan
148,40,0.00011682637711247265,0.0,nan
148,41,7.060756800670455e-05,0.0,nan
148,42,0.00025193334179094876,0.0,nan
148,43,5.8290593711315936e-05,0.0,nan
148,44,0.0001416384093513996,0.0,nan
148,45,5.029102951334467e-05,0.0,nan
148,46,6.246049268640908e-05,0.0,nan
148,47,7.686689484541408e-05,0.0,nan
148,48,6.59407952073225e-05,0.0,nan
148,49,0.0001564898434525213,0.0,nan
148,50,0.00021522304013307163,0.0,nan
148,51,0.000343294875473298,0.0,nan
148,52,0.00014890662129365148,0.0,nan
148,53,9.705280763366853e-05,0.0,nan
148,54,0.00011211280583153693,0.0,nan
148,55,0.00010708506545829786,0.0,nan
148,56,5.418087334126381e-05,0.0,nan
148,57,0.00010105120128390575,0.0,nan
148,58,0.00012635402397463485,0.0,nan
148,59,0.00010268690968728844,0.0,nan
148,60,4.24790606870229e-05,0.0,nan
148,61,0.00010225265073925631,0.0,nan
148,62,0.00014744102800915015,0.0,nan
148,63,0.00012203172480490564,0.0,nan
148,64,0.00013192455303278423,0.0,nan
148,65,9.73199190421411e-05,0.0,nan
148,66,3.1865639969614744e-05,0.0,nan
148,67,8.309815279214728e-05,0.0,nan
148,68,0.0002516485820177632,0.0,nan
148,69,0.00012463729223125637,0.0,nan
148,70,7.597281046405833e-05,0.0,nan
148,71,9.881798951368877e-05,0.0,nan
148,72,0.00011571230766507556,0.0,nan
148,73,0.05454083860729244,0.9375,nan
148,74,8.927997085046618e-05,0.0,nan
148,75,5.528160256632921e-05,0.0,nan
148,76,0.0002114672296517887,0.0,nan
148,77,0.00011955313655519039,0.0,nan
148,78,0.0001112262555123502,0.0,nan
148,79,0.0001840775913974875,0.0,nan
148,80,0.00025733153669076726,0.0,nan
148,81,3.599873668773603e-05,0.0,nan
148,82,0.00025242301271811177,0.0,nan
148,83,0.00030188496357005446,0.0,nan
148,84,0.00015317362400887248,0.0,nan
148,85,5.1438758772057424e-05,0.0,nan
148,86,0.00015644693995593787,0.0625,nan
148,87,0.0001367932860721975,0.0,nan
148,88,5.8565547554601967e-05,0.0,nan
148,89,0.00011199335575183051,0.0,nan
148,90,7.156920433467348e-05,0.0,nan
148,91,0.00015867044546342661,0.0,nan
148,92,6.912306040899735e-05,0.0,nan
148,93,0.00010205421148197765,0.0,nan
148,94,0.00011807301840389669,0.0,nan
148,95,6.439487316935039e-05,0.0,nan
148,96,7.852204720999685e-05,0.0,nan
148,97,0.019214228259348876,0.5,nan
148,98,8.855999083877986e-05,0.0,nan
148,99,0.00012135571435194792,0.0,nan
149,0,0.0001319587955435127,0.0,nan
149,1,0.0005371965652996573,0.0,nan
149,2,0.00017261759457055828,0.0,nan
149,3,0.00023708519948814383,0.0,nan
149,4,7.234115529376045e-05,0.0,nan
149,5,0.00031141208984366165,0.0,nan
149,6,0.00026585608690554886,0.0,nan
149,7,0.00010255122959028769,0.0,nan
149,8,0.0087041673764842,0.3125,nan
149,9,0.0003487852171325806,0.0,nan
149,10,0.0003255607221791973,0.0,nan
149,11,0.0002868526897159462,0.0,nan
149,12,0.0003900667917962881,0.0,nan
149,13,0.0002299031863346389,0.0,nan
149,14,0.04001519228930207,0.9375,nan
149,15,0.00023235093989821293,0.0,nan
149,16,0.007885019252579176,0.1875,nan
149,17,0.00021784811349949906,0.0,nan
149,18,0.0003328290217658593,0.0,nan
149,19,0.00021433457619043813,0.0,nan
149,20,0.0004402817681938085,0.0,nan
149,21,0.00011719445912106196,0.0,nan
149,22,0.0005345340451618464,0.0,nan
149,23,0.0001311497200081094,0.0,nan
149,24,0.00015883577374844186,0.0,nan
149,25,0.00044835678518617293,0.0,nan
149,26,0.00012812922122801311,0.0,nan
149,27,0.00035011862495872037,0.0,nan
149,28,0.00024411324922659722,0.0,nan
149,29,0.0002144321076545242,0.0,nan
149,30,0.00039896994638204716,0.0,nan
149,31,0.00014940855097981984,0.0,nan
149,32,0.0002661188747044475,0.0,nan
149,33,0.00028686057714188957,0.0,nan
149,34,0.00034904630660675614,0.0,nan
149,35,0.00029627650240945496,0.0,nan
149,36,0.0010021771883768464,0.0,nan
149,37,0.00028454842007477057,0.0,nan
149,38,0.0002417003941258006,0.0,nan
149,39,0.000385108788793912,0.0,nan
149,40,0.00014074253379085707,0.0,nan
149,41,0.00015495904275090344,0.0,nan
149,42,0.0006040762432257857,0.0,nan
149,43,0.00033552262403314703,0.0,nan
149,44,0.00036577775013291533,0.0,nan
149,45,0.0002494307524888483,0.0,nan
149,46,0.0001161889776114026,0.0,nan
149,47,0.0003122689073006089,0.0,nan
149,48,0.0001439029846554096,0.0,nan
149,49,0.00010775914281762479,0.0,nan
149,50,0.00012607389781395405,0.0,nan
149,51,0.00011404867877504159,0.0,nan
149,52,0.0004121893555028836,0.0,nan
149,53,0.0002682301675794278,0.0,nan
149,54,0.00022410431948321062,0.0,nan
149,55,0.0006005399699302146,0.0,nan
149,56,0.0004978517490069424,0.0,nan
149,57,0.0002322321351451432,0.0,nan
149,58,0.00018500382867382988,0.0,nan
149,59,7.470793636610054e-05,0.0,nan
149,60,0.00021973522988595279,0.0,nan
149,61,0.00019983569502581743,0.0,nan
149,62,0.00010790923462500229,0.0,nan
149,63,0.00011045112903277355,0.0,nan
149,64,0.00023847785528766102,0.0,nan
149,65,0.00020890610744679367,0.0,nan
149,66,0.00038547050662195875,0.0,nan
149,67,0.0003034143665142594,0.0,nan
149,68,0.0004785230593598186,0.0,nan
149,69,0.00017897020602547915,0.0,nan
149,70,0.00020588153571876475,0.0,nan
149,71,0.0003704159895395555,0.0,nan
149,72,0.00039134877774450586,0.0,nan
149,73,0.0007195333333149649,0.0,nan
149,74,0.0003045015762397033,0.0,nan
149,75,0.00022783583032204988,0.0,nan
149,76,0.00033717151025955026,0.0625,nan
149,77,0.0006160981058581308,0.0,nan
149,78,0.00032924196914584287,0.0,nan
149,79,0.00012050235205676213,0.0,nan
149,80,0.00016352138077508022,0.0,nan
149,81,9.658146869169071e-05,0.0,nan
149,82,0.0003381820475057951,0.0,nan
149,83,0.0003916533604459419,0.0,nan
149,84,0.00017196946870370704,0.0,nan
149,85,0.0010643067975761684,0.0,nan
149,86,0.0005102651221921174,0.0,nan
149,87,0.0012317936006437861,0.0625,nan
149,88,8.923464707662925e-05,0.0,nan
149,89,9.70584897275454e-05,0.0,nan
149,90,4.7299853827469673e-05,0.0,nan
149,91,0.11510611170763668,1.0,nan
149,92,0.0004753411055629023,0.0,nan
149,93,0.0002168993175856146,0.0,nan
149,94,0.0005765480037481948,0.0,nan
149,95,8.392331992925815e-05,0.0,nan
149,96,0.00019898439703671511,0.0,nan
149,97,0.0006893227855780008,0.125,nan
149,98,0.0004483391922049045,0.0,nan
149,99,0.00035756184600573297,0.0,nan
150,0,0.00016594855870179887,0.0,2.0428310221011475e-05
150,1,9.518736970585018e-05,0.0,4.625579357938752e-05
150,2,7.036405269732867e-05,0.0,2.7556437936240476e-05
150,3,7.438164186854585e-05,0.0,6.0883534636736026e-05
150,4,8.985919691759663e-05,0.0,7.257690874209904e-05
150,5,0.034085210696367337,0.75,0.27345016242016124
150,6,7.628758685019441e-05,0.0,7.735537163310754e-06
150,7,0.00012146432064691604,0.0,3.789385007347255e-05
150,8,0.0753803384755502,1.0,0.19882851628019946
150,9,7.296191262030888e-05,0.0,1.0576514783472575e-05
150,10,8.36544171479393e-05,0.0,4.753838937939147e-06
150,11,0.00011792130176213755,0.0,7.992148909434953e-05
150,12,2.954009620893007e-05,0.0,8.626052306137493e-06
150,13,0.00018179806198327373,0.0,0.0005603831989519537
150,14,0.031754556566723775,0.8125,0.19792294654195436
150,15,0.0043269207473523585,0.0625,0.04720222411777066
150,16,0.011382978361958151,0.3125,0.023286853885829913
150,17,9.214152592466966e-05,0.0,1.827704561779327e-05
150,18,0.0001542538182442977,0.0,6.675281125678914e-05
150,19,3.228847685653748e-05,0.0,2.4178531540249213e-06
150,20,4.717206961801689e-05,0.0,4.392109338121826e-07
150,21,7.823241887670004e-05,0.0,5.273659823025552e-07
150,22,0.00015620675349469653,0.0,0.00026559884415843085
150,23,7.917808584194172e-05,0.0,2.563750359145776e-05
150,24,0.0001033105277361465,0.0625,0.0004155652328547133
150,25,7.384341876413679e-05,0.0,5.8541823457470425e-05
150,26,9.52329033044454e-05,0.0,1.9360864824230994e-05
150,27,0.00010881925210987856,0.0,0.0002460517929012194
150,28,7.1705108399945e-05,0.0,1.2893294997159779e-05
150,29,7.610834251441377e-05,0.0,4.595552425637099e-07
150,30,0.00011694056077455375,0.0,9.027465003193339e-05
150,31,0.00011349958753109474,0.0,2.00024303367404e-05
150,32,0.00018781576588579262,0.0,0.0004779521764049112
150,33,8.455409051793324e-05,0.0,1.9753146854384295e-06
150,34,8.697589447809965e-05,0.0,5.6379095799613736e-05
150,35,6.413436708358196e-05,0.0,1.1810578483359654e-05
150,36,0.00011343429458270899,0.0,5.590572309606223e-05
150,37,0.0001534697644942815,0.0,0.0001645465717063824
150,38,7.207965136561319e-05,0.0,0.0002619524110458137
150,39,0.00010555508793921568,0.0,4.588000514810014e-05
150,40,0.00016481795459330663,0.0,0.00016456628125958775
150,41,7.417083878078404e-05,0.0,1.988508882643594e-06
150,42,0.0002764692621243648,0.0,0.0004794778043402637
150,43,0.0001680501554749949,0.0,0.000177044085870622
150,44,8.54949965744452e-05,0.0,5.2312419614749106e-05
150,45,0.0001393434252179959,0.0,2.910171883909047e-05
150,46,0.00011112815907338524,0.0,4.189989623646071e-06
150,47,7.771984608909819e-05,0.0,2.3244464423374438e-06
150,48,4.813948077906689e-05,0.0,7.69223700924729e-06
150,49,5.6316228942914866e-05,0.0,4.448506459338e-06
150,50,0.00016456564090755292,0.0,0.00016672156359523818
150,51,0.00017079319861996648,0.0,0.00010738667824250342
150,52,0.00013228225339978754,0.0,0.0001128191044018015
150,53,5.5789807738877145e-05,0.0,2.4307381810452486e-05
150,54,7.083659619223393e-05,0.0,1.9994328825016937e-05
150,55,9.675465300478255e-05,0.0,7.811614361560873e-05
150,56,0.00010603331455556978,0.0,2.4039396880751633e-05
150,57,0.00012859935201478388,0.0,9.606398778953034e-05
150,58,0.00018499011547135045,0.0,3.4641080882307395e-06
150,59,7.170027551033432e-05,0.0,1.8270408930607963e-05
150,60,0.00011377677036950368,0.0,3.711389209769129e-06
150,61,5.469919431389065e-05,0.0,1.977571314838167e-05
150,62,0.00024123945919268827,0.0,0.0003582298658085084
150,63,0.00013974182203229545,0.0,3.512854121243405e-05
150,64,4.8776353399694865e-05,0.0,5.112814007191956e-06
150,65,0.00017156803120182574,0.0,0.0005204178658051046
150,66,0.00021902070152876032,0.0,7.811556791900955e-06
150,67,5.1007993236274336e-05,0.0,1.2808912740398614e-05
150,68,0.00019687511488461484,0.0,0.000847120931426122
150,69,7.152590312398305e-05,0.0,3.783963211393331e-05
150,70,5.450094343255489e-05,0.0,7.208356429636393e-07
150,71,6.0580809808150665e-05,0.0,2.79987644711181e-06
150,72,0.00012208308609176568,0.0,7.44223221186876e-05
150,73,0.09075537179038842,1.0,0.23079084348665047
150,74,0.00018439002986651815,0.0,3.979142892083959e-05
150,75,7.028542382521628e-05,0.0,1.1115924667836826e-06
150,76,0.00017385138580399665,0.0,0.00021583754023177425
150,77,0.00013172204990987408,0.0,0.0002798674567914261
150,78,2.943124657135798e-05,0.0,3.271281838821497e-06
150,79,0.0002646136553373917,0.0,0.00019545925099596667
150,80,6.239828040337362e-05,0.0,3.9550431206324634e-05
150,81,4.886929544110253e-05,0.0,1.1342655722318126e-05
150,82,0.00023714212729866467,0.0,0.000230352756210916
150,83,6.51350434683473e-05,0.0,2.7639355333923327e-05
150,84,0.0001654312857022164,0.0,0.00012536288703030458
150,85,8.343190986517061e-05,0.0,1.2337731590202236e-05
150,86,8.375057824716523e-05,0.0,0.00010193489260163113
150,87,0.00012914156867358976,0.0,0.0001831029574586714
150,88,9.185633938812364e-05,0.0,9.229918957246468e-06
150,89,0.00019923839575772495,0.0,9.172318364252134e-06
150,90,6.940098955488544e-05,0.0,8.755293951936825e-05
150,91,0.00013743359896349475,0.0,0.00011488623016847838
150,92,0.00013226723713875954,0.0,5.978776296173098e-05
150,93,0.00015916035949102613,0.0,1.0836935474614731e-05
150,94,8.063510261726212e-05,0.0,1.7923567748033277e-05
150,95,4.779974764401146e-05,0.0,7.208136402250811e-06
150,96,5.385996591928821e-05,0.0,1.9290504328858348e-05
150,97,0.00016918936996040566,0.125,0.019814106097357172
150,98,0.00018532816268637713,0.0,3.3965412586817275e-05
150,99,0.00027452298864266754,0.0,0.00011050824603499243
151,0,2.1488481033408603e-05,0.0,nan
151,1,7.873732576943222e-05,0.0,nan
151,2,0.00010292789976498112,0.0,nan
151,3,4.6996375561239356e-05,0.0,nan
151,4,0.00010642828470416377,0.0,nan
151,5,0.022417100252687,0.625,nan
151,6,1.4289430451539921e-05,0.0,nan
151,7,0.00011644039092775497,0.0,nan
151,8,0.07036488258839851,0.9375,nan
151,9,3.124368650862745e-05,0.0,nan
151,10,7.585702236994994e-05,0.0,nan
151,11,4.519903315067238e-05,0.0,nan
151,12,9.8501622301556e-05,0.0,nan
151,13,0.00019901540016328356,0.0,nan
151,14,0.04246326568566276,0.75,nan
151,15,0.02591626506377645,0.5625,nan
151,16,0.014114512593999264,0.3125,nan
151,17,0.0001448629357870171,0.0,nan
151,18,7.506702316552767e-05,0.0,nan
151,19,3.880127154152927e-05,0.0,nan
151,20,4.844065211322911e-05,0.0,nan
151,21,8.900368454418466e-05,0.0,nan
151,22,0.00270602183519356,0.125,nan
151,23,0.00016470146941939404,0.0,nan
151,24,9.861385241320496e-05,0.0,nan
151,25,8.14075935608324e-05,0.0,nan
151,26,9.789865584895242e-05,0.0,nan
151,27,5.341884884979371e-05,0.0,nan
151,28,0.0001506548225247759,0.0,nan
151,29,5.210786779430191e-05,0.0,nan
151,30,0.00016737639914539393,0.0,nan
151,31,6.076262650507256e-05,0.0,nan
151,32,4.752126594492375e-05,0.0,nan
151,33,9.276406364959834e-05,0.0,nan
151,34,0.00013938566128032342,0.0,nan
151,35,0.00011913886900193226,0.0,nan
151,36,0.00014838387574277873,0.0,nan
151,37,0.00012473081411337964,0.0,nan
151,38,0.00010142402911150154,0.0,nan
151,39,8.229721137627066e-05,0.0,nan
151,40,0.0001094825571935961,0.0,nan
151,41,3.066392874046332e-05,0.0,nan
151,42,2.932352038232104e-05,0.0,nan
151,43,8.922978754152762e-05,0.0,nan
151,44,7.831820971173923e-05,0.0,nan
151,45,6.305158885836856e-05,0.0,nan
151,46,4.160535215580597e-05,0.0,nan
151,47,5.597177543544479e-05,0.0,nan
151,48,4.303494397028671e-05,0.0,nan
151,49,7.266778219675865e-05,0.0,nan
151,50,9.012643055277247e-05,0.0,nan
151,51,3.7776899869323125e-05,0.0,nan
151,52,9.761359161629027e-05,0.0,nan
151,53,0.00013691776605524703,0.0,nan
151,54,0.0001138244216674957,0.0,nan
151,55,3.188024085050016e-05,0.0,nan
151,56,0.00012098673582286326,0.0,nan
151,57,6.890138374526045e-05,0.0,nan
151,58,0.00010978543474653808,0.0,nan
151,59,4.695648183569514e-05,0.0,nan
151,60,0.00013293239340678048,0.0,nan
151,61,0.00019353030349143709,0.0,nan
151,62,0.00020841938061980743,0.0,nan
151,63,0.00017903187102933323,0.0,nan
151,64,9.033209324107295e-05,0.0,nan
151,65,0.004204547283767639,0.3125,nan
151,66,0.00019003108841833858,0.0,nan
151,67,4.855013112754123e-05,0.0,nan
151,68,0.00022100869613524442,0.0,nan
151,69,9.067966630698196e-05,0.0,nan
151,70,2.9752065092236254e-05,0.0,nan
151,71,9.301879774983448e-05,0.0,nan
151,72,7.111299324879107e-05,0.0,nan
151,73,0.0668817798357466,0.75,nan
151,74,7.457356362127468e-05,0.0,nan
151,75,4.964263817611149e-05,0.0,nan
151,76,0.00011794891219721554,0.0,nan
151,77,9.596720359662869e-05,0.0,nan
151,78,8.110131107503458e-05,0.0,nan
151,79,6.7607857287568e-05,0.0,nan
151,80,3.294664490545127e-05,0.0,nan
151,81,6.330731228928674e-05,0.0,nan
151,82,0.00010456765500658152,0.0,nan
151,83,0.00011820780686900052,0.0,nan
151,84,6.210387405658885e-05,0.0,nan
151,85,3.195337265623493e-05,0.0,nan
151,86,8.844363402346221e-05,0.0,nan
151,87,4.9474998823957755e-05,0.0,nan
151,88,2.732800158241097e-05,0.0,nan
151,89,0.0001224406959851458,0.0,nan
151,90,5.08858431581936e-05,0.0,nan
151,91,5.777639963741136e-05,0.0,nan
151,92,0.00016278362232148664,0.0,nan
151,93,5.51195363120992e-05,0.0,nan
151,94,0.0001067944707858544,0.0,nan
151,95,4.95016499465049e-05,0.0,nan
151,96,7.157771711486786e-05,0.0,nan
151,97,6.42640828445988e-05,0.0625,nan
151,98,0.0001725474745606026,0.0,nan
151,99,1.9485737871368712e-05,0.0,nan
152,0,5.4002592476551214e-05,0.0,nan
152,1,4.4417190151171344e-05,0.0,nan
152,2,3.186256897658923e-05,0.0,nan
152,3,0.00010082091852577763,0.0,nan
152,4,8.453209897810168e-05,0.0,nan
152,5,0.11528923368851196,1.0,nan
152,6,5.159477381113116e-05,0.0,nan
152,7,4.490915801587564e-05,0.0,nan
152,8,0.05637010459583794,1.0,nan
152,9,4.313661502965914e-05,0.0,nan
152,10,5.2717547637042204e-05,0.0,nan
152,11,3.564429555943882e-05,0.0,nan
152,12,7.737892352258922e-05,0.0,nan
152,13,0.0006928320338832068,0.0,nan
152,14,0.02010263955617072,0.5,nan
152,15,0.01839838025166371,0.4375,nan
152,16,0.018473366397143517,0.375,nan
152,17,0.00015633256247781733,0.0,nan
152,18,6.381118495840925e-05,0.0,nan
152,19,7.771135226764287e-05,0.0,nan
152,20,5.223595268399373e-05,0.0,nan
152,21,4.792378217326043e-05,0.0,nan
152,22,0.00011967701599448686,0.0,nan
152,23,5.052820702585541e-05,0.0,nan
152,24,9.030633203362316e-05,0.0,nan
152,25,5.122221833960271e-05,0.0,nan
152,26,4.7298555749340706e-05,0.0,nan
152,27,0.00010835942879582666,0.0,nan
152,28,1.9648484054608224e-05,0.0,nan
152,29,2.5385810534902134e-05,0.0,nan
152,30,2.4282462013449327e-05,0.0,nan
152,31,2.2492164096054877e-05,0.0,nan
152,32,6.218670786212962e-05,0.0,nan
152,33,0.00010322083630564044,0.0,nan
152,34,0.00010526370083854883,0.0,nan
152,35,8.67336784130912e-05,0.0,nan
152,36,7.013534427943396e-05,0.0,nan
152,37,8.03144813612707e-05,0.0,nan
152,38,5.960490511941372e-05,0.0,nan
152,39,1.3219122670985203e-05,0.0,nan
152,40,6.056364598897192e-05,0.0,nan
152,41,1.9674717405796e-05,0.0,nan
152,42,9.858285940157334e-05,0.0,nan
152,43,6.282337392298079e-05,0.0,nan
152,44,2.125411586911978e-05,0.0,nan
152,45,5.4946003628074755e-05,0.0,nan
152,46,5.154727048117372e-05,0.0,nan
152,47,4.2867288178895326e-05,0.0,nan
152,48,0.00016430999258971237,0.0,nan
152,49,0.00010624937823292295,0.0,nan
152,50,9.810151084176972e-05,0.0,nan
152,51,6.372963041182807e-05,0.0,nan
152,52,0.00011860890968694765,0.0,nan
152,53,7.73379795914772e-05,0.0,nan
152,54,0.00010436561283289352,0.0,nan
152,55,3.9123595526951196e-05,0.0,nan
152,56,8.775616528338239e-05,0.0,nan
152,57,8.417991789282363e-05,0.0,nan
152,58,7.668709275867423e-05,0.0,nan
152,59,3.0099608941567314e-05,0.0,nan
152,60,8.873707612228944e-05,0.0,nan
152,61,0.00013704512928226287,0.0,nan
152,62,2.0227468822971372e-05,0.0,nan
152,63,5.4691890764090075e-05,0.0,nan
152,64,3.605297322595566e-05,0.0,nan
152,65,5.0585334619466756e-05,0.0,nan
152,66,2.5522545299044374e-05,0.0,nan
152,67,1.580378482509834e-05,0.0,nan
152,68,0.0003164998581543806,0.0,nan
152,69,0.00010071967021716955,0.0,nan
152,70,7.873438513230533e-05,0.0,nan
152,71,8.489131801553879e-05,0.0,nan
152,72,7.106323032535076e-05,0.0,nan
152,73,0.08706452017247623,1.0,nan
152,74,4.559110834247966e-05,0.0,nan
152,75,5.234630054364493e-05,0.0,nan
152,76,3.291759297412645e-05,0.0,nan
152,77,0.00011631766688220235,0.0,nan
152,78,2.8990700314645953e-05,0.0,nan
152,79,8.768729401067212e-05,0.0,nan
152,80,0.00012401480801151795,0.0,nan
152,81,4.255011777803321e-05,0.0,nan
152,82,0.000116520398905679,0.0,nan
152,83,0.00011255107450216228,0.0,nan
152,84,4.811289194341805e-05,0.0,nan
152,85,6.806046325002557e-05,0.0,nan
152,86,9.374976811898751e-05,0.0,nan
152,87,4.8267832633952275e-05,0.0,nan
152,88,6.017880589658149e-05,0.0,nan
152,89,0.0002730129539172156,0.0,nan
152,90,6.234519148840567e-05,0.0,nan
152,91,7.648194455984943e-05,0.0,nan
152,92,0.00019657917269186843,0.0,nan
152,93,0.00021113727247085997,0.0,nan
152,94,0.00010320415684516352,0.0,nan
152,95,3.474841573230259e-05,0.0,nan
152,96,8.583364883380125e-05,0.0,nan
152,97,0.00023676235385860822,0.0625,nan
152,98,0.00011799419846223647,0.0,nan
152,99,5.430492336645269e-05,0.0,nan
153,0,6.107369896070381e-05,0.0,nan
153,1,9.394126255850524e-05,0.0,nan
153,2,6.659376587287688e-05,0.0,nan
153,3,0.00010142705169689385,0.0,nan
153,4,5.78155624888986e-05,0.0,nan
153,5,0.00012080169544478104,0.125,nan
153,6,0.0001399484259573392,0.0,nan
153,7,5.49605392582827e-05,0.0,nan
153,8,0.09786180942065487,1.0,nan
153,9,0.00010361357240996441,0.0,nan
153,10,0.0001400797682956448,0.0,nan
153,11,0.00025843910181245507,0.0,nan
153,12,1.1904465570137425e-05,0.0,nan
153,13,0.00027365749061409976,0.0,nan
153,14,0.02796582601004261,0.6875,nan
153,15,0.00029392052937611036,0.0,nan
153,16,0.011332442550467822,0.1875,nan
153,17,0.00013904173435543945,0.0,nan
153,18,3.7716155926129e-05,0.0,nan
153,19,6.344481054352304e-05,0.0,nan
153,20,5.092298511710413e-05,0.0,nan
153,21,0.00016903677733961863,0.0,nan
153,22,0.00032980355390833786,0.0,nan
153,23,0.00015007368444978648,0.0,nan
153,24,0.0003156773270515295,0.0,nan
153,25,5.690167686551276e-05,0.0,nan
153,26,8.201402554500821e-05,0.0,nan
153,27,0.00010301937557155167,0.0,nan
153,28,0.00018593199876206838,0.0,nan
153,29,5.6468604396992864e-05,0.0,nan
153,30,1.647169759806463e-05,0.0,nan
153,31,8.654652991634486e-05,0.0,nan
153,32,0.00017402746403036062,0.0,nan
153,33,0.00024416841984862154,0.0,nan
153,34,7.678843738414049e-05,0.0,nan
153,35,7.810896925052315e-05,0.0,nan
153,36,7.910302088071353e-06,0.0,nan
153,37,0.00013144452438296805,0.0,nan
153,38,0.0002837131635861956,0.0,nan
153,39,9.741619341253271e-05,0.0,nan
153,40,0.00014419560691207792,0.0,nan
153,41,7.788902887685643e-05,0.0,nan
153,42,0.00015860596148305087,0.0,nan
153,43,7.996263649807525e-05,0.0,nan
153,44,3.832553463281291e-05,0.0,nan
153,45,7.021981263000734e-05,0.0,nan
153,46,8.129196074751119e-05,0.0,nan
153,47,5.144410279893884e-05,0.0,nan
153,48,2.3574968702166843e-05,0.0,nan
153,49,4.1721287881686496e-05,0.0,nan
153,50,6.537183383037943e-05,0.0,nan
153,51,8.751259320173777e-05,0.0,nan
153,52,2.5851956634739313e-05,0.0,nan
153,53,8.597604750755267e-05,0.0,nan
153,54,4.2252445675162216e-05,0.0,nan
153,55,9.812888147602827e-05,0.0,nan
153,56,0.00019231152673077377,0.0,nan
153,57,7.75761475421554e-05,0.0,nan
153,58,4.1502123179646316e-05,0.0,nan
153,59,6.145939155087534e-05,0.0,nan
153,60,3.156176349194019e-05,0.0,nan
153,61,8.221666887563394e-05,0.0,nan
153,62,7.283216090097693e-05,0.0,nan
153,63,8.90826910313661e-05,0.0,nan
153,64,6.810136237040058e-05,0.0,nan
153,65,0.00011320362223586279,0.0,nan
153,66,0.00019157435382984213,0.0,nan
153,67,0.00018829899959706955,0.0,nan
153,68,0.00024606026491194827,0.0,nan
153,69,6.642782153537969e-05,0.0,nan
153,70,7.607602161774528e-05,0.0,nan
153,71,0.00012519814844387693,0.0,nan
153,72,0.00010842601154419368,0.0,nan
153,73,0.04268828533503502,0.75,nan
153,74,0.00012482839762874382,0.0,nan
153,75,4.4732293579887104e-05,0.0,nan
153,76,0.0001919650935316823,0.0,nan
153,77,0.00013553205537922684,0.0,nan
153,78,0.00017155941256288018,0.0,nan
153,79,0.000278769461307021,0.0,nan
153,80,4.915408670281375e-05,0.0,nan
153,81,6.712878865531717e-05,0.0,nan
153,82,7.179815519647071e-05,0.0,nan
153,83,0.00014879141028182317,0.0,nan
153,84,6.157954759319459e-05,0.0,nan
153,85,5.6616951909650837e-05,0.0,nan
153,86,0.00015505864693978255,0.0,nan
153,87,0.0002043001754403096,0.0,nan
153,88,0.00013452738855796413,0.0,nan
153,89,0.00011701813132812596,0.0,nan
153,90,9.178016301048808e-05,0.0,nan
153,91,7.562575220652022e-05,0.0,nan
153,92,8.485388983525021e-05,0.0,nan
153,93,8.096376762337225e-05,0.0,nan
153,94,4.131212542031879e-05,0.0,nan
153,95,5.384595997156053e-05,0.0,nan
153,96,7.03806202840117e-05,0.0,nan
153,97,0.07068827901309227,1.0,nan
153,98,6.535448838560553e-05,0.0,nan
153,99,0.00011041636732641132,0.0,nan
154,0,6.998883365540982e-05,0.0,nan
154,1,7.212335604668342e-05,0.0,nan
154,2,9.016160370628362e-05,0.0,nan
154,3,6.470757449366599e-05,0.0,nan
154,4,3.907033847044417e-05,0.0,nan
154,5,5.433588565963657e-05,0.0,nan
154,6,8.977410070451089e-05,0.0,nan
154,7,6.884246403973667e-05,0.0,nan
154,8,0.07851695422096101,1.0,nan
154,9,0.00013334571531430187,0.0,nan
154,10,0.00012689248331599807,0.0,nan
154,11,8.669488158910972e-05,0.0,nan
154,12,0.00015473854886305344,0.0,nan
154,13,3.5538695915838516e-05,0.0,nan
154,14,0.020458408280933798,0.5625,nan
154,15,7.245472448763786e-05,0.0,nan
154,16,0.014881136133865923,0.3125,nan
154,17,5.2751290709122163e-05,0.0,nan
154,18,7.65099790131848e-05,0.0,nan
154,19,4.5220086027783724e-05,0.0,nan
154,20,4.483840433864935e-05,0.0,nan
154,21,3.807279348357486e-05,0.0,nan
154,22,0.00012915218869263766,0.0,nan
154,23,7.931404370489157e-05,0.0,nan
154,24,6.321170363065706e-05,0.0,nan
154,25,9.639040088346934e-05,0.0,nan
154,26,3.0435017649097152e-05,0.0,nan
154,27,5.1004619344983666e-05,0.0,nan
154,28,3.494769044649082e-05,0.0,nan
154,29,0.00012113325974039447,0.0,nan
154,30,0.00015699037151447633,0.0,nan
154,31,2.5935867238086782e-05,0.0,nan
154,32,8.257369151264409e-05,0.0,nan
154,33,7.138088551311264e-05,0.0,nan
154,34,3.3709184493786505e-05,0.0,nan
154,35,0.0001422192472693069,0.0,nan
154,36,5.562557031734748e-05,0.0,nan
154,37,7.801128286752312e-05,0.0,nan
154,38,5.5914642088047553e-05,0.0,nan
154,39,4.2544004623356315e-05,0.0,nan
154,40,0.0001650208594851764,0.0,nan
154,41,8.750711722480315e-05,0.0,nan
154,42,8.715695572112262e-05,0.0,nan
154,43,1.616361989175454e-05,0.0,nan
154,44,2.5080794614128766e-05,0.0,nan
154,45,0.04667399255885646,0.75,nan
154,46,0.00011175491770557148,0.0,nan
154,47,2.2134219221257187e-05,0.0,nan
154,48,7.086771436250349e-05,0.0,nan
154,49,0.00010699382453595736,0.0,nan
154,50,7.033895466992498e-05,0.0,nan
154,51,2.635568194446061e-05,0.0,nan
154,52,3.410239671187054e-05,0.0,nan
154,53,0.00011364864617815912,0.0,nan
154,54,9.687841842012331e-05,0.0,nan
154,55,7.575011412992954e-05,0.0,nan
154,56,0.00015568864817597661,0.0,nan
154,57,4.339242317328219e-05,0.0,nan
154,58,0.00015694302710413734,0.0,nan
154,59,2.5974029146174487e-05,0.0,nan
154,60,0.00010777627082530789,0.0,nan
154,61,4.0599175104687554e-05,0.0,nan
154,62,0.00014983527828707027,0.0625,nan
154,63,5.020568957639251e-05,0.0,nan
154,64,3.520964822344846e-05,0.0,nan
154,65,0.00013565035987041078,0.0,nan
154,66,6.394751425188659e-05,0.0,nan
154,67,4.400745027557006e-05,0.0,nan
154,68,3.455183006443364e-05,0.0,nan
154,69,5.097447909032796e-05,0.0,nan
154,70,4.1901886167744156e-05,0.0,nan
154,71,5.419939045412088e-05,0.0,nan
154,72,6.980965879632893e-05,0.0,nan
154,73,0.06266873054159028,0.9375,nan
154,74,6.426834186318124e-05,0.0,nan
154,75,3.301229909859118e-05,0.0,nan
154,76,0.00011550712155070076,0.0,nan
154,77,9.55479326666756e-05,0.0,nan
154,78,2.1301645491998124e-05,0.0,nan
154,79,9.908961285192094e-05,0.0,nan
154,80,9.314685709285117e-05,0.0,nan
154,81,5.620377563626412e-05,0.0,nan
154,82,0.00011155614734209671,0.0,nan
154,83,8.588568988653257e-05,0.0,nan
154,84,6.213336358835267e-05,0.0,nan
154,85,0.00010325454433269608,0.0,nan
154,86,8.743852228997835e-05,0.0,nan
154,87,0.00020082780673132575,0.0,nan
154,88,2.677794226906282e-05,0.0,nan
154,89,5.1234210086313103e-05,0.0,nan
154,90,8.340912112660582e-05,0.0,nan
154,91,7.861856849161359e-05,0.0,nan
154,92,7.948022126983312e-05,0.0,nan
154,93,7.852557055490639e-05,0.0,nan
154,94,0.00010681405348374732,0.0,nan
154,95,5.162342041154773e-05,0.0,nan
154,96,9.54757440967736e-05,0.0,nan
154,97,0.059870604817150994,1.0,nan
154,98,0.00019161411768774009,0.0,nan
154,99,7.457652373644554e-05,0.0,nan
155,0,0.0001349607514997365,0.0,nan
155,1,0.0002551379046115132,0.0,nan
155,2,0.00010772583257338364,0.0,nan
155,3,0.0003385503283826025,0.0,nan
155,4,5.485758519850354e-05,0.0,nan
155,5,0.04935076550498688,0.75,nan
155,6,0.00011329833077090113,0.0,nan
155,7,0.00023380694582660636,0.0,nan
155,8,0.03992985878565733,0.875,nan
155,9,0.07525107209301288,0.75,nan
155,10,0.00010425574545083787,0.0,nan
155,11,0.00039127482106989984,0.0,nan
155,12,0.00012821644452314294,0.0,nan
155,13,0.00018110824513923077,0.0,nan
155,14,0.020994953016123995,0.5,nan
155,15,0.00024034995667953637,0.0,nan
155,16,0.01429899723840217,0.4375,nan
155,17,0.0001178180726798624,0.0,nan
155,18,4.9284851058250265e-05,0.0,nan
155,19,5.060670582344983e-05,0.0,nan
155,20,1.7373275401033665e-05,0.0,nan
155,21,6.896614860242013e-05,0.0,nan
155,22,0.00044491784536686806,0.0,nan
155,23,0.00010471119088022347,0.0,nan
155,24,0.00014453406359828718,0.0,nan
155,25,0.00012209069642983044,0.0,nan
155,26,1.5818972508345697e-05,0.0,nan
155,27,4.915849957728363e-05,0.0,nan
155,28,5.142262455876065e-05,0.0,nan
155,29,3.559688851981216e-05,0.0,nan
155,30,0.0002807126010849944,0.0,nan
155,31,1.5680188720110166e-05,0.0,nan
155,32,0.001019413835434191,0.0,nan
155,33,0.0003065782830007929,0.0,nan
155,34,3.192317444104026e-05,0.0,nan
155,35,6.148822594063863e-05,0.0,nan
155,36,0.00011287010816391489,0.0,nan
155,37,5.8180015210993694e-05,0.0,nan
155,38,8.497222166351694e-05,0.0,nan
155,39,0.00011453593731283787,0.0,nan
155,40,0.00015161313576739937,0.0,nan
155,41,8.599140196705049e-05,0.0,nan
155,42,0.00010395037359600088,0.0,nan
155,43,0.0001428540670958478,0.0,nan
155,44,9.66194356161395e-05,0.0,nan
155,45,7.659677768925523e-05,0.0,nan
155,46,3.768967452687999e-05,0.0,nan
155,47,0.00019055402455449012,0.0,nan
155,48,3.0285233811545306e-05,0.0,nan
155,49,4.2283582867892164e-05,0.0,nan
155,50,5.5844495663024516e-05,0.0,nan
155,51,0.0001040705237745859,0.0,nan
155,52,4.265488294556408e-05,0.0,nan
155,53,0.00012121262314517589,0.0,nan
155,54,0.0001884198689397178,0.0,nan
155,55,7.305416211521543e-05,0.0,nan
155,56,0.0002559384150807768,0.0,nan
155,57,0.000230861193020754,0.0,nan
155,58,9.751300926568457e-05,0.0,nan
155,59,6.0679579263322306e-05,0.0,nan
155,60,5.221740750013069e-05,0.0,nan
155,61,0.0001455326038779318,0.0,nan
155,62,0.00041188754540998063,0.0625,nan
155,63,7.512637901232098e-05,0.0,nan
155,64,0.00011557934172199441,0.0,nan
155,65,6.613529584793135e-05,0.0,nan
155,66,9.116892011467727e-05,0.0,nan
155,67,0.00014353431370253683,0.0,nan
155,68,3.9260709174347366e-05,0.0,nan
155,69,0.00011324446550466458,0.0,nan
155,70,8.804758049485307e-05,0.0,nan
155,71,0.00015186332551134386,0.0,nan
155,72,0.000558063944637144,0.0,nan
155,73,0.00013957792465892302,0.0,nan
155,74,6.270881097944549e-05,0.0,nan
155,75,3.984419117971455e-05,0.0,nan
155,76,7.406294177032547e-05,0.0,nan
155,77,0.00013897780344510912,0.0,nan
155,78,6.162902042718432e-05,0.0,nan
155,79,8.899425237749334e-05,0.0,nan
155,80,9.264214134316883e-05,0.0,nan
155,81,4.1995991794857504e-05,0.0,nan
155,82,0.00010595072233752828,0.0,nan
155,83,0.00011533558833812753,0.0,nan
155,84,0.00011580328890008578,0.0,nan
155,85,0.0001187064821867963,0.0,nan
155,86,0.00013005580270774556,0.0,nan
155,87,6.324331239753886e-05,0.0,nan
155,88,6.64805204970748e-05,0.0,nan
155,89,0.00040453993559998137,0.0,nan
155,90,8.645376675886794e-05,0.0,nan
155,91,0.00011031653818667286,0.0,nan
155,92,0.0001183043561280105,0.0,nan
155,93,6.122200444098314e-05,0.0,nan
155,94,7.727666279282684e-05,0.0,nan
155,95,0.00011531639730839367,0.0,nan
155,96,0.00015915678665774107,0.0,nan
155,97,0.035603083455897265,0.875,nan
155,98,7.926447396501842e-05,0.0,nan
155,99,8.522363003280771e-05,0.0,nan
156,0,8.194536153673668e-05,0.0,nan
156,1,0.00020267171103715773,0.0,nan
156,2,5.6154613343163305e-05,0.0,nan
156,3,7.270544495323078e-05,0.0,nan
156,4,4.116105025523036e-05,0.0,nan
156,5,0.04227009317204443,0.875,nan
156,6,9.56603451827386e-05,0.0,nan
156,7,9.457936610877408e-05,0.0,nan
156,8,0.0724033452935181,1.0,nan
156,9,0.00011782863451581004,0.0,nan
156,10,6.747670842454268e-05,0.0,nan
156,11,0.00014914050120395854,0.0,nan
156,12,0.0001273408485734437,0.0,nan
156,13,8.735036964091031e-05,0.0,nan
156,14,0.035332594301720685,0.875,nan
156,15,0.00028058656851877805,0.0,nan
156,16,0.008748536360145357,0.0625,nan
156,17,9.446103092752728e-05,0.0,nan
156,18,6.876586377838497e-05,0.0,nan
156,19,8.77938718679301e-05,0.0,nan
156,20,8.396516577584469e-06,0.0,nan
156,21,0.0001313092045075069,0.0,nan
156,22,9.397757720187535e-05,0.0,nan
156,23,5.56372778598733e-05,0.0,nan
156,24,0.00012686653413343158,0.0,nan
156,25,8.825815737249231e-05,0.0,nan
156,26,0.00010364669944310466,0.0,nan
156,27,3.567326812658309e-05,0.0,nan
156,28,0.00010262320969770404,0.0,nan
156,29,7.342351653905234e-06,0.0,nan
156,30,8.706110027580482e-05,0.0,nan
156,31,3.703879559937388e-05,0.0,nan
156,32,7.02923280725197e-05,0.0,nan
156,33,0.00010154012819787234,0.0,nan
156,34,5.585358876111341e-05,0.0,nan
156,35,7.501206239869928e-05,0.0,nan
156,36,0.00016562676238647246,0.0,nan
156,37,0.00010615244509443563,0.0,nan
156,38,7.466393661975513e-05,0.0,nan
156,39,0.0001051403592020371,0.0,nan
156,40,7.170628353652107e-05,0.0,nan
156,41,0.00010153786905053492,0.0,nan
156,42,5.528929793261756e-05,0.0,nan
156,43,0.00019807157259502602,0.0625,nan
156,44,0.00029248942606989627,0.0,nan
156,45,6.46181405907518e-05,0.0,nan
156,46,7.723410753743871e-05,0.0,nan
156,47,7.413983581944241e-05,0.0,nan
156,48,5.6554920409485763e-05,0.0,nan
156,49,8.913177688369903e-05,0.0,nan
156,50,4.614446698149862e-05,0.0,nan
156,51,5.894048217344699e-05,0.0,nan
156,52,8.724092125400677e-05,0.0,nan
156,53,7.102539021577302e-05,0.0,nan
156,54,9.346335119346133e-05,0.0,nan
156,55,7.124401197534659e-05,0.0,nan
156,56,3.5789138684227926e-05,0.0,nan
156,57,7.62155816974979e-05,0.0,nan
156,58,0.0001704104334634431,0.0625,nan
156,59,4.139176034037724e-05,0.0,nan
156,60,2.6332372559105553e-05,0.0,nan
156,61,0.0001900273218546163,0.0,nan
156,62,0.00035184564222630224,0.0625,nan
156,63,0.00013688723409590654,0.0,nan
156,64,6.338380679834372e-05,0.0,nan
156,65,9.051170436927353e-05,0.0,nan
156,66,7.600562047284297e-05,0.0,nan
156,67,4.8810932991211106e-05,0.0,nan
156,68,7.960665951272069e-05,0.0,nan
156,69,4.8901561802373934e-05,0.0,nan
156,70,5.805760486315693e-05,0.0,nan
156,71,7.578503733269543e-05,0.0,nan
156,72,0.00010092362511463263,0.0,nan
156,73,0.06363256123695903,0.875,nan
156,74,0.00010850244883150436,0.0,nan
156,75,5.2117530370864e-05,0.0,nan
156,76,9.427865197556741e-05,0.0,nan
156,77,7.705235152750636e-05,0.0,nan
156,78,7.767864381766022e-05,0.0,nan
156,79,5.91143762275426e-05,0.0,nan
156,80,5.419643507911227e-05,0.0,nan
156,81,5.86249000455999e-05,0.0,nan
156,82,8.706757588618748e-05,0.0,nan
156,83,0.00013562496273060584,0.0,nan
156,84,6.678902780125513e-05,0.0,nan
156,85,0.00019767611885376573,0.0,nan
156,86,0.00012510063908869132,0.0,nan
156,87,5.912354471854522e-06,0.0,nan
156,88,9.603581535973794e-05,0.0,nan
156,89,5.052112932079158e-05,0.0,nan
156,90,5.6772605750716315e-05,0.0,nan
156,91,8.399774004383368e-05,0.0,nan
156,92,0.00013600780000193473,0.0,nan
156,93,4.2093216445825244e-05,0.0,nan
156,94,9.686715643936346e-05,0.0,nan
156,95,3.725287628403589e-05,0.0,nan
156,96,8.230874708518035e-05,0.0,nan
156,97,0.048599410919621916,0.6875,nan
156,98,6.427555704109785e-05,0.0,nan
156,99,3.135166017026436e-05,0.0,nan
157,0,5.979440550232473e-05,0.0,nan
157,1,0.0004222577003589315,0.0,nan
157,2,0.00025470935669069954,0.0,nan
157,3,0.00014301376728173765,0.0,nan
157,4,0.0001262333072465723,0.0,nan
157,5,0.06279928967376701,1.0,nan
157,6,8.468479799190382e-05,0.0,nan
157,7,6.708102060369618e-05,0.0,nan
157,8,0.05352862514987046,0.9375,nan
157,9,7.961456344231479e-05,0.0,nan
157,10,6.649446510175724e-05,0.0,nan
157,11,4.8654285992531644e-05,0.0,nan
157,12,0.0002026663090984085,0.0,nan
157,13,6.661839089050075e-05,0.0,nan
157,14,0.023191159557158503,0.5625,nan
157,15,0.0023407238322622225,0.125,nan
157,16,0.011728904510064683,0.1875,nan
157,17,3.067803270131761e-05,0.0,nan
157,18,9.547346432662857e-06,0.0,nan
157,19,2.7273163139747623e-05,0.0,nan
157,20,5.424283486344562e-05,0.0,nan
157,21,6.190920057291737e-05,0.0,nan
157,22,0.00011797397210485849,0.0,nan
157,23,7.599954171675974e-05,0.0,nan
157,24,3.996094273783942e-05,0.0,nan
157,25,4.599631894020147e-05,0.0,nan
157,26,5.772807118067139e-05,0.0,nan
157,27,1.7967587975035684e-05,0.0,nan
157,28,7.091092454996424e-05,0.0,nan
157,29,4.1432662324846375e-05,0.0,nan
157,30,0.00011280688122547613,0.0,nan
157,31,1.70437878344032e-05,0.0,nan
157,32,5.86857619417565e-05,0.0,nan
157,33,6.931646628607763e-05,0.0,nan
157,34,3.467210305670031e-05,0.0,nan
157,35,0.00011375636948459514,0.0,nan
157,36,9.873941111580263e-05,0.0,nan
157,37,9.393908247985351e-05,0.0,nan
157,38,0.00044267813168377825,0.125,nan
157,39,0.00021262237132403287,0.0,nan
157,40,0.00011476963355754331,0.0,nan
157,41,4.338974801230156e-05,0.0,nan
157,42,4.927577442909585e-05,0.0,nan
157,43,0.00012060249481863906,0.0,nan
157,44,2.2648623975853426e-05,0.0,nan
157,45,0.00014392236935669648,0.0,nan
157,46,6.322885912186267e-05,0.0,nan
157,47,6.0069745596331525e-05,0.0,nan
157,48,8.889743578244932e-05,0.0,nan
157,49,0.0001083283500069432,0.0,nan
157,50,0.00010840055700417822,0.0,nan
157,51,3.656791269007466e-05,0.0,nan
157,52,0.00014521524427217353,0.0,nan
157,53,7.915979562809583e-05,0.0,nan
157,54,4.967838058713986e-05,0.0,nan
157,55,7.667683961087933e-05,0.0,nan
157,56,2.5400317002237076e-05,0.0,nan
157,57,5.511605672044677e-05,0.0,nan
157,58,7.538833669847058e-05,0.0,nan
157,59,3.1704718069841753e-05,0.0,nan
157,60,5.0758129630870956e-05,0.0,nan
157,61,0.00018640742717933046,0.0,nan
157,62,5.7125488222950816e-05,0.0,nan
157,63,4.1742459843966224e-05,0.0,nan
157,64,6.93002917446921e-05,0.0,nan
157,65,1.7510829486531132e-05,0.0,nan
157,66,2.1316281183117958e-05,0.0,nan
157,67,0.0003668469453519534,0.0,nan
157,68,0.00022863426311837336,0.0,nan
157,69,9.141668704632251e-05,0.0,nan
157,70,0.00014779610539137624,0.0,nan
157,71,0.00013574303288961003,0.0,nan
157,72,3.727981220684384e-05,0.0,nan
157,73,0.09059351237538352,1.0,nan
157,74,9.486212572637725e-05,0.0,nan
157,75,4.510386334274257e-05,0.0,nan
157,76,0.00010366897954140836,0.0,nan
157,77,0.00010192523693470948,0.0,nan
157,78,0.00013497200236509908,0.0,nan
157,79,7.09685737710208e-05,0.0,nan
157,80,9.169888374994587e-05,0.0,nan
157,81,0.00012334053719361419,0.0,nan
157,82,4.920871399623591e-05,0.0,nan
157,83,0.00019773769381534157,0.0,nan
157,84,6.705664070438006e-05,0.0,nan
157,85,2.6301126471282792e-05,0.0,nan
157,86,0.00011716475618741702,0.0,nan
157,87,0.00013202879174748183,0.0,nan
157,88,6.0205285210435114e-05,0.0,nan
157,89,4.869199153482917e-05,0.0,nan
157,90,3.905386064335057e-05,0.0,nan
157,91,5.2870923877499745e-05,0.0,nan
157,92,0.00017559814847546744,0.0,nan
157,93,8.407073472356091e-05,0.0,nan
157,94,0.00010036058674945444,0.0,nan
157,95,5.339829526921528e-05,0.0,nan
157,96,4.6847351321917556e-05,0.0,nan
157,97,7.956447590217758e-05,0.0,nan
157,98,4.8335049152476215e-05,0.0,nan
157,99,8.261294502082895e-05,0.0,nan
158,0,4.859072887247192e-05,0.0,nan
158,1,8.756509790225779e-05,0.0,nan
158,2,2.9483449893234546e-05,0.0,nan
158,3,5.102979483843739e-05,0.0,nan
158,4,7.038398474288319e-05,0.0,nan
158,5,0.04687571429120283,0.8125,nan
158,6,2.3850651208431455e-05,0.0,nan
158,7,9.30980395451036e-05,0.0,nan
158,8,0.045483003133539285,1.0,nan
158,9,8.333156853372115e-05,0.0,nan
158,10,4.187195864468923e-05,0.0,nan
158,11,0.00016808275543347975,0.0,nan
158,12,4.51441661717372e-05,0.0,nan
158,13,0.00038347045439126313,0.0,nan
158,14,0.01810596625627031,0.4375,nan
158,15,3.923194192281387e-05,0.0,nan
158,16,0.013954540831734447,0.125,nan
158,17,8.6970892961866e-05,0.0,nan
158,18,4.816990251968983e-05,0.0,nan
158,19,2.033930034792787e-05,0.0,nan
158,20,3.275581188766334e-05,0.0,nan
158,21,1.8436894460674606e-05,0.0,nan
158,22,5.046512343757862e-05,0.0,nan
158,23,7.1277008332842e-05,0.0,nan
158,24,8.312186800377817e-05,0.0,nan
158,25,3.8968797146758504e-05,0.0,nan
158,26,5.1529636903975754e-05,0.0,nan
158,27,1.768809152920169e-05,0.0,nan
158,28,2.7159289405834277e-05,0.0,nan
158,29,2.0552463374503043e-05,0.0,nan
158,30,5.6897206438762136e-05,0.0,nan
158,31,9.042703375899932e-05,0.0,nan
158,32,3.8863175819324307e-05,0.0,nan
158,33,8.781486519593182e-05,0.0,nan
158,34,1.6729389061930966e-05,0.0,nan
158,35,4.9950953876454455e-05,0.0,nan
158,36,5.3023027087915485e-05,0.0,nan
158,37,8.010288672965723e-05,0.0,nan
158,38,2.981363663246207e-05,0.0,nan
158,39,5.0449992088676026e-05,0.0,nan
158,40,2.5573254775007156e-05,0.0,nan
158,41,5.17362137324931e-05,0.0,nan
158,42,9.539546756904722e-05,0.0,nan
158,43,0.00010438861434298885,0.0,nan
158,44,7.308840337130588e-05,0.0,nan
158,45,0.00010731599672825268,0.0,nan
158,46,6.1038767792541e-05,0.0,nan
158,47,4.025415258122539e-05,0.0,nan
158,48,0.00012007964943193854,0.0,nan
158,49,6.593321400985561e-05,0.0,nan
158,50,3.719968448215891e-05,0.0,nan
158,51,4.263967542240717e-05,0.0,nan
158,52,6.242795370138616e-05,0.0,nan
158,53,8.59189192634032e-05,0.0,nan
158,54,5.1644136155029344e-05,0.0,nan
158,55,5.162272896395175e-05,0.0,nan
158,56,5.221505692515138e-05,0.0,nan
158,57,5.3709157810345165e-05,0.0,nan
158,58,6.758298363021548e-05,0.0,nan
158,59,6.243417806307438e-05,0.0,nan
158,60,5.5690620877799786e-05,0.0,nan
158,61,7.401989101684078e-05,0.0,nan
158,62,8.006076185891833e-05,0.0,nan
158,63,0.0002112908469704045,0.0,nan
158,64,7.698588402270504e-05,0.0,nan
158,65,0.00010575279745094355,0.0,nan
158,66,7.594398025882646e-05,0.0,nan
158,67,6.614481159868424e-05,0.0,nan
158,68,0.0001541776164942191,0.0,nan
158,69,3.2346641492754456e-05,0.0,nan
158,70,9.95944634731727e-05,0.0,nan
158,71,8.118008293561503e-05,0.0,nan
158,72,0.00010222784514573989,0.0,nan
158,73,0.06567919781714815,1.0,nan
158,74,5.0239648936300236e-05,0.0,nan
158,75,1.999880218287618e-05,0.0,nan
158,76,8.736046655601686e-05,0.0,nan
158,77,4.3773068453538955e-05,0.0,nan
158,78,5.2668484404222644e-05,0.0,nan
158,79,4.282118410021488e-05,0.0,nan
158,80,7.599044219923296e-05,0.0,nan
158,81,4.733508806277222e-05,0.0,nan
158,82,6.974692261214037e-05,0.0,nan
158,83,9.786952612000197e-05,0.0,nan
158,84,0.00010314867201507368,0.0,nan
158,85,3.912810141351582e-05,0.0,nan
158,86,7.300796761897823e-05,0.0,nan
158,87,0.00010053165624094932,0.0,nan
158,88,1.838593382380103e-05,0.0,nan
158,89,5.653016273496556e-05,0.0,nan
158,90,7.598765275673669e-05,0.0,nan
158,91,7.90570304210701e-05,0.0,nan
158,92,4.67288587509113e-05,0.0,nan
158,93,2.8895830069212008e-05,0.0,nan
158,94,6.96239702900281e-05,0.0,nan
158,95,3.965440657248893e-05,0.0,nan
158,96,8.931265330570406e-05,0.0,nan
158,97,0.022300684635307474,0.5,nan
158,98,6.784840256834437e-05,0.0,nan
158,99,4.67976544038794e-05,0.0,nan
159,0,8.801128543458017e-05,0.0,nan
159,1,0.00011113014279042407,0.0,nan
159,2,9.56871175629751e-05,0.0,nan
159,3,7.818532034076074e-05,0.0,nan
159,4,6.337962716909571e-05,0.0,nan
159,5,0.0658011747119025,0.9375,nan
159,6,0.00016718923352451568,0.0,nan
159,7,3.95655753947697e-05,0.0,nan
159,8,0.06880306690395369,1.0,nan
159,9,3.1465384561813754e-05,0.0,nan
159,10,5.1603350770000164e-05,0.0,nan
159,11,6.114790588882323e-05,0.0,nan
159,12,5.504904392465301e-05,0.0,nan
159,13,0.00020014938659995214,0.0,nan
159,14,0.023769329846566017,0.5625,nan
159,15,4.5050628179093104e-05,0.0,nan
159,16,0.013630792864912242,0.25,nan
159,17,1.259839062658065e-05,0.0,nan
159,18,6.182506407692259e-05,0.0,nan
159,19,3.508382681356296e-05,0.0,nan
159,20,7.324929064368667e-05,0.0,nan
159,21,8.065213963436523e-05,0.0,nan
159,22,1.8151309288007765e-05,0.0,nan
159,23,6.192920218682274e-05,0.0,nan
159,24,8.84712352362055e-05,0.0,nan
159,25,2.731365147140042e-05,0.0,nan
159,26,7.746299554146143e-05,0.0,nan
159,27,3.0993333338148696e-05,0.0,nan
159,28,2.2381553051567157e-05,0.0,nan
159,29,4.9321120220459155e-05,0.0,nan
159,30,9.59134248961858e-05,0.0,nan
159,31,4.8224805935449865e-05,0.0,nan
159,32,0.00016363270078223143,0.0,nan
159,33,5.7602027023149704e-05,0.0,nan
159,34,3.202407363215843e-05,0.0,nan
159,35,3.330651043521717e-05,0.0,nan
159,36,2.6462106173508362e-05,0.0,nan
159,37,7.924931748149486e-05,0.0,nan
159,38,1.740637627545093e-05,0.0,nan
159,39,2.1135706906778956e-05,0.0,nan
159,40,3.929207352650082e-05,0.0,nan
159,41,3.0924304365858035e-05,0.0,nan
159,42,0.00014268518437638437,0.0,nan
159,43,9.761319295280139e-05,0.0,nan
159,44,4.660863713317408e-05,0.0,nan
159,45,2.269490918908776e-05,0.0,nan
159,46,0.00011590882483129481,0.0,nan
159,47,2.0096700596023343e-05,0.0,nan
159,48,7.39320069737484e-05,0.0,nan
159,49,7.347466183499441e-05,0.0,nan
159,50,2.4967627933013342e-05,0.0,nan
159,51,4.227238980618436e-05,0.0,nan
159,52,7.447991294592086e-05,0.0,nan
159,53,3.773869361545982e-05,0.0,nan
159,54,1.7175620813297617e-05,0.0,nan
159,55,6.741727886770602e-05,0.0,nan
159,56,2.2911496883845692e-05,0.0,nan
159,57,2.3584663119571403e-05,0.0,nan
159,58,5.401675199821739e-05,0.0,nan
159,59,3.4383723265625396e-05,0.0,nan
159,60,3.905679921577379e-05,0.0,nan
159,61,6.913728646916703e-05,0.0,nan
159,62,2.3120156042761085e-05,0.0,nan
159,63,4.065542914024482e-05,0.0,nan
159,64,2.7864998975075766e-05,0.0,nan
159,65,6.118187554119786e-05,0.0,nan
159,66,0.0001204633168346877,0.0,nan
159,67,6.881392197990177e-05,0.0,nan
159,68,6.340541771723903e-05,0.0,nan
159,69,5.0636172690119265e-05,0.0,nan
159,70,4.9818923504839187e-05,0.0,nan
159,71,4.9309165005172854e-05,0.0,nan
159,72,4.6379247802399766e-05,0.0,nan
159,73,0.0634594380463708,0.8125,nan
159,74,3.514137389123178e-05,0.0,nan
159,75,2.6103244023753844e-05,0.0,nan
159,76,2.1475683071379563e-05,0.0,nan
159,77,9.459922179503767e-05,0.0,nan
159,78,4.3622415975356926e-05,0.0,nan
159,79,3.816775118669159e-05,0.0,nan
159,80,6.220846160021818e-05,0.0,nan
159,81,7.160141952534873e-05,0.0,nan
159,82,8.560383221436386e-05,0.0,nan
159,83,4.656563762802821e-05,0.0,nan
159,84,4.644771594076122e-05,0.0,nan
159,85,4.379887157432815e-05,0.0,nan
159,86,9.817269109277056e-05,0.0,nan
159,87,8.427141099097519e-05,0.0,nan
159,88,7.844243899529486e-05,0.0,nan
159,89,0.00019668914365823304,0.0,nan
159,90,0.00010295553657929695,0.0,nan
159,91,4.08030449584121e-05,0.0,nan
159,92,0.00010562907324906454,0.0,nan
159,93,5.683633443623448e-05,0.0,nan
159,94,8.888265102237715e-05,0.0,nan
159,95,5.4844498536526174e-05,0.0,nan
159,96,7.489672055730879e-05,0.0,nan
159,97,0.04872713648296097,0.75,nan
159,98,0.00011402379365859871,0.0,nan
159,99,2.972790917913848e-05,0.0,nan
160,0,8.79603712421717e-05,0.0,nan
160,1,0.00016079097362007476,0.0,nan
160,2,3.577168480934726e-05,0.0,nan
160,3,0.00016384739800750576,0.0,nan
160,4,0.0002352299683904667,0.0,nan
160,5,3.551040495167445e-05,0.0,nan
160,6,4.1607808628867435e-05,0.0,nan
160,7,9.183814379764227e-05,0.0,nan
160,8,0.050389430404264746,0.9375,nan
160,9,0.00015451865205756796,0.0,nan
160,10,4.493713191600215e-05,0.0,nan
160,11,6.342534486832751e-05,0.0,nan
160,12,9.431818544370457e-05,0.0,nan
160,13,7.515022901316036e-05,0.0,nan
160,14,0.030839004081877508,0.625,nan
160,15,6.467216078872113e-05,0.0,nan
160,16,0.013221046457575802,0.375,nan
160,17,0.00010798494948555972,0.0,nan
160,18,3.340458024897846e-05,0.0,nan
160,19,8.458400076588349e-05,0.0,nan
160,20,0.0001157184480570765,0.0,nan
160,21,6.330537410497033e-05,0.0,nan
160,22,0.0001340024930995907,0.0,nan
160,23,9.964074202841776e-05,0.0,nan
160,24,0.00021544540093328135,0.0,nan
160,25,0.00011641167576811243,0.0,nan
160,26,8.613183536523836e-05,0.0,nan
160,27,0.0001364733856628862,0.0,nan
160,28,0.000151163636189585,0.0,nan
160,29,5.306605603685196e-05,0.0,nan
160,30,0.0013462861487087137,0.0,nan
160,31,7.96507122902827e-05,0.0,nan
160,32,0.00020045551723863662,0.0,nan
160,33,5.625343980719896e-05,0.0,nan
160,34,7.467626228480847e-05,0.0,nan
160,35,6.651871115351761e-05,0.0,nan
160,36,0.00011418645195167596,0.0,nan
160,37,4.6843374497017393e-05,0.0,nan
160,38,0.00013931270789392604,0.0,nan
160,39,9.10137536175281e-05,0.0,nan
160,40,9.346702659460174e-05,0.0,nan
160,41,6.817455678553982e-05,0.0,nan
160,42,0.00010970939032045493,0.0,nan
160,43,0.000102210924801872,0.0,nan
160,44,5.65558110361792e-05,0.0,nan
160,45,5.0629107346894184e-05,0.0,nan
160,46,0.000444984946861691,0.0,nan
160,47,4.003599976519554e-05,0.0,nan
160,48,6.811513911263867e-05,0.0,nan
160,49,5.58004105949079e-05,0.0,nan
160,50,9.534334926199683e-05,0.0,nan
160,51,9.42860214017058e-05,0.0,nan
160,52,0.00010342164110340344,0.0,nan
160,53,0.00010613008503281186,0.0,nan
160,54,6.79284147737201e-05,0.0,nan
160,55,0.0001571835753546877,0.0,nan
160,56,5.0824106611774937e-05,0.0,nan
160,57,0.00010620990471686672,0.0,nan
160,58,6.484748863778922e-05,0.0,nan
160,59,3.310248471209583e-05,0.0,nan
160,60,0.00011834831894435847,0.0,nan
160,61,0.00010567550850429175,0.0,nan
160,62,0.00016103759742701492,0.0,nan
160,63,0.00016741105823143195,0.0,nan
160,64,0.0004829212647898375,0.0,nan
160,65,0.00013439959783074498,0.0,nan
160,66,0.00014055597281649533,0.0,nan
160,67,5.508396620207405e-05,0.0,nan
160,68,0.00065018020445103,0.0,nan
160,69,6.194203697910534e-05,0.0,nan
160,70,0.0002567287426023246,0.0,nan
160,71,4.961793538849016e-05,0.0,nan
160,72,5.141292862132082e-05,0.0,nan
160,73,0.002018221017540865,0.25,nan
160,74,0.00010130691552516301,0.0,nan
160,75,4.16560740089437e-05,0.0,nan
160,76,5.4065971108550255e-05,0.0,nan
160,77,0.00014459783967339266,0.0,nan
160,78,0.00019319595890077894,0.0,nan
160,79,0.00025610525561849215,0.0,nan
160,80,9.090683219151888e-05,0.0,nan
160,81,6.4789128853623e-05,0.0,nan
160,82,0.00011743258351062371,0.0,nan
160,83,0.00011248573305575965,0.0,nan
160,84,0.00012597354000426167,0.0,nan
160,85,2.5167492030659852e-05,0.0,nan
160,86,8.561538380000329e-05,0.0,nan
160,87,0.0007467256863214057,0.0625,nan
160,88,6.947334778076265e-05,0.0,nan
160,89,6.306915354424713e-05,0.0,nan
160,90,5.502190534772783e-05,0.0,nan
160,91,0.08399529136463868,1.0,nan
160,92,0.00010147061408124332,0.0,nan
160,93,0.0003140149378951303,0.0,nan
160,94,0.00015917605438772912,0.0,nan
160,95,8.945727157362931e-05,0.0,nan
160,96,0.00011950471000621169,0.0,nan
160,97,0.027900176379939426,0.75,nan
160,98,0.00013741276858714646,0.0,nan
160,99,0.00017480042957980125,0.0,nan
161,0,5.9582200867738336e-05,0.0,nan
161,1,0.00014235915442834793,0.0,nan
161,2,8.058742139411439e-05,0.0,nan
161,3,6.797082027544207e-05,0.0,nan
161,4,0.0001250411759358868,0.0,nan
161,5,6.196472385638177e-05,0.0,nan
161,6,5.380230380209123e-05,0.0,nan
161,7,0.00012580771820851872,0.0,nan
161,8,0.04666288090434015,0.9375,nan
161,9,0.00011163414879707378,0.0,nan
161,10,5.2576344879762165e-05,0.0,nan
161,11,3.262120703757683e-05,0.0,nan
161,12,5.256433344660832e-05,0.0,nan
161,13,0.00018492598791551118,0.0,nan
161,14,0.04769534185814133,0.875,nan
161,15,6.901520506736565e-05,0.0,nan
161,16,0.010079176755778126,0.0,nan
161,17,5.024169915398269e-05,0.0,nan
161,18,2.6830602194353166e-05,0.0,nan
161,19,7.330446071444433e-05,0.0,nan
161,20,4.400621059852462e-05,0.0,nan
161,21,3.931859750820161e-05,0.0,nan
161,22,0.000225899838747556,0.0,nan
161,23,4.6365626027727e-05,0.0,nan
161,24,0.0001837201272197785,0.0,nan
161,25,4.0185382877725505e-05,0.0,nan
161,26,8.569596726294651e-05,0.0,nan
161,27,7.154285976764164e-05,0.0,nan
161,28,2.0157552918148438e-05,0.0,nan
161,29,4.15135181344027e-05,0.0,nan
161,30,0.00010298388012106204,0.0,nan
161,31,5.207921451129435e-05,0.0,nan
161,32,4.245238978705563e-05,0.0,nan
161,33,6.379522053618925e-05,0.0,nan
161,34,8.782558827834182e-05,0.0,nan
161,35,5.888742831292313e-05,0.0,nan
161,36,5.339836362366059e-05,0.0,nan
161,37,6.228649142934804e-05,0.0,nan
161,38,0.0001661591455183302,0.0,nan
161,39,3.813782402930442e-05,0.0,nan
161,40,9.892380446885991e-05,0.0,nan
161,41,0.00010421162812138277,0.0,nan
161,42,0.00020439616615974414,0.0,nan
161,43,0.1690822222895817,0.9375,nan
161,44,4.664166084618324e-05,0.0,nan
161,45,0.0001298382571915587,0.0625,nan
161,46,5.814211604836976e-05,0.0,nan
161,47,7.21922637552625e-05,0.0,nan
161,48,5.7271489076335916e-05,0.0,nan
161,49,4.1510847252605355e-05,0.0,nan
161,50,0.00026293935296109206,0.0,nan
161,51,0.0001849627835341739,0.0,nan
161,52,0.00024350837381726287,0.0,nan
161,53,8.951064958787678e-05,0.0,nan
161,54,6.000888770501797e-05,0.0,nan
161,55,0.00017909215596226003,0.0,nan
161,56,0.0001409172478622232,0.0,nan
161,57,4.5537760588114024e-05,0.0,nan
161,58,8.691181378673573e-05,0.0,nan
161,59,5.167513528077346e-05,0.0,nan
161,60,7.465752366047344e-05,0.0,nan
161,61,0.00013218948945157232,0.0,nan
161,62,6.50015051146749e-05,0.0,nan
161,63,5.2956502444285104e-05,0.0,nan
161,64,3.952798942630798e-05,0.0,nan
161,65,0.00010583367057820093,0.0,nan
161,66,6.70224842108615e-05,0.0,nan
161,67,5.6115322297626955e-05,0.0,nan
161,68,0.0006034042398230474,0.0,nan
161,69,6.323975121230317e-05,0.0,nan
161,70,5.9108817970188006e-05,0.0,nan
161,71,0.0001468673823756341,0.0,nan
161,72,9.086532087792886e-05,0.0,nan
161,73,0.08910129056474184,0.875,nan
161,74,0.00010305144550205427,0.0,nan
161,75,2.6108791411501682e-05,0.0,nan
161,76,0.00046111136104566634,0.0,nan
161,77,3.5004503823340204e-05,0.0,nan
161,78,6.030761124855515e-05,0.0,nan
161,79,6.657271500239668e-05,0.0,nan
161,80,8.678053917719465e-05,0.0,nan
161,81,4.68552081722159e-05,0.0,nan
161,82,0.0001571335534833785,0.0,nan
161,83,7.143633164935464e-05,0.0,nan
161,84,0.00011247463566889691,0.0,nan
161,85,5.427808763389248e-05,0.0,nan
161,86,0.00010016135307200247,0.0,nan
161,87,5.687489317342937e-05,0.0,nan
161,88,0.00010494793240349595,0.0,nan
161,89,7.909744657071574e-05,0.0,nan
161,90,6.538807122607676e-05,0.0,nan
161,91,3.7250961247976186e-05,0.0,nan
161,92,4.855582085913778e-05,0.0,nan
161,93,5.3066131710741404e-05,0.0,nan
161,94,8.950836868621789e-05,0.0,nan
161,95,7.634170151845005e-05,0.0,nan
161,96,0.00013041661709049912,0.0,nan
161,97,0.0012793124396231759,0.375,nan
161,98,7.684730288486734e-05,0.0,nan
161,99,6.600406038305277e-05,0.0,nan
162,0,2.1790805354959225e-05,0.0,nan
162,1,0.00032673941651980675,0.0,nan
162,2,4.868511310744112e-05,0.0,nan
162,3,7.9238830520989e-05,0.0,nan
162,4,7.045966030820022e-05,0.0,nan
162,5,0.05361548122101113,0.8125,nan
162,6,4.203441928634249e-05,0.0,nan
162,7,7.071913578034785e-05,0.0,nan
162,8,0.10062402173314472,1.0,nan
162,9,0.0001565940521883276,0.0,nan
162,10,2.3662924772618086e-05,0.0,nan
162,11,3.8756975433442866e-05,0.0,nan
162,12,3.2822006215018793e-05,0.0,nan
162,13,7.895890049508105e-05,0.0,nan
162,14,0.05497602666329833,0.9375,nan
162,15,0.0006418729109439,0.0,nan
162,16,0.024715067535157367,0.75,nan
162,17,3.675648989659006e-05,0.0,nan
162,18,4.5281522253527624e-05,0.0,nan
162,19,6.892664616557554e-05,0.0,nan
162,20,2.214012655902284e-05,0.0,nan
162,21,5.586412407828319e-05,0.0,nan
162,22,4.599007299555523e-05,0.0,nan
162,23,5.110885763559202e-05,0.0,nan
162,24,0.00026406947811311737,0.0,nan
162,25,7.285962991950516e-05,0.0,nan
162,26,3.973389439396763e-05,0.0,nan
162,27,0.0001593746579757583,0.0,nan
162,28,3.170473385431506e-05,0.0,nan
162,29,2.758009571414042e-05,0.0,nan
162,30,2.315207449195204e-05,0.0,nan
162,31,5.8203320749888094e-05,0.0,nan
162,32,0.00026979401301399126,0.0,nan
162,33,4.0257931487543e-05,0.0,nan
162,34,4.990076321967025e-05,0.0,nan
162,35,2.847392242563666e-05,0.0,nan
162,36,3.25492413884529e-05,0.0,nan
162,37,2.0042945449703074e-05,0.0,nan
162,38,0.0002281018710151938,0.0625,nan
162,39,0.00012631599567031613,0.0,nan
162,40,4.1244012191286236e-05,0.0,nan
162,41,7.143903602479418e-05,0.0,nan
162,42,9.958905990063339e-05,0.0,nan
162,43,8.144002725821137e-05,0.0,nan
162,44,8.30531418354035e-05,0.0,nan
162,45,0.00010939891749851359,0.0625,nan
162,46,5.4691693661831095e-05,0.0,nan
162,47,7.32804569956331e-05,0.0,nan
162,48,4.7016332706272314e-05,0.0,nan
162,49,8.231746756962851e-05,0.0,nan
162,50,3.593228595207235e-05,0.0,nan
162,51,4.457268891790034e-05,0.0,nan
162,52,2.0865050593065264e-05,0.0,nan
162,53,1.8058471823025195e-05,0.0,nan
162,54,6.96612790140963e-05,0.0,nan
162,55,6.306400732555264e-05,0.0,nan
162,56,6.369513059421805e-05,0.0,nan
162,57,8.0388747805235e-05,0.0,nan
162,58,6.017409019697109e-05,0.0,nan
162,59,7.038397251831869e-05,0.0,nan
162,60,5.308560155205738e-05,0.0,nan
162,61,3.5972002926535927e-05,0.0,nan
162,62,0.00016165817689132436,0.0,nan
162,63,9.102167017839547e-05,0.0,nan
162,64,6.983520218518919e-05,0.0,nan
162,65,3.597397798945018e-05,0.0,nan
162,66,9.104211874414904e-05,0.0,nan
162,67,9.108366522457212e-05,0.0,nan
162,68,5.7957839722438076e-05,0.0,nan
162,69,5.8758560148048966e-05,0.0,nan
162,70,3.760372971060399e-05,0.0,nan
162,71,7.623280887196745e-05,0.0,nan
162,72,5.089599139230964e-05,0.0,nan
162,73,0.030541985967348348,0.5625,nan
162,74,2.505885431815259e-05,0.0,nan
162,75,2.2215452909526607e-05,0.0,nan
162,76,0.00047512092317695984,0.0,nan
162,77,0.0003207401972526272,0.0,nan
162,78,2.5482685343489764e-05,0.0,nan
162,79,7.472995132512895e-05,0.0,nan
162,80,0.00010019479959853278,0.0,nan
162,81,1.709549542360812e-05,0.0,nan
162,82,0.0001025791770962466,0.0,nan
162,83,8.40660169117112e-05,0.0,nan
162,84,6.131261851358848e-05,0.0,nan
162,85,2.0817055866213803e-05,0.0,nan
162,86,4.2628115045429874e-05,0.0,nan
162,87,7.566273348278193e-05,0.0,nan
162,88,3.0114737012686717e-05,0.0,nan
162,89,6.444033950380666e-05,0.0,nan
162,90,7.262806881469394e-05,0.0,nan
162,91,0.0002522952168622939,0.0625,nan
162,92,4.169431091572289e-05,0.0,nan
162,93,0.00010806365090261088,0.0,nan
162,94,2.9141228445449028e-05,0.0,nan
162,95,5.2852782171859794e-05,0.0,nan
162,96,0.0001239632637489042,0.0,nan
162,97,0.024134755036599415,0.5625,nan
162,98,8.819716428274651e-05,0.0,nan
162,99,4.460100187498791e-05,0.0,nan
163,0,9.81043157064117e-05,0.0,nan
163,1,9.231649816827633e-05,0.0,nan
163,2,5.124603711838172e-05,0.0,nan
163,3,9.400242991300123e-05,0.0,nan
163,4,6.986181937522273e-05,0.0,nan
163,5,0.04445467342988492,0.8125,nan
163,6,7.876782832652404e-05,0.0,nan
163,7,9.127470408476616e-05,0.0,nan
163,8,0.06579741604979916,1.0,nan
163,9,5.9713704880447924e-05,0.0,nan
163,10,5.12785622961898e-05,0.0,nan
163,11,9.841772021105218e-05,0.0,nan
163,12,4.6266876954216534e-05,0.0,nan
163,13,0.0003600007153774659,0.0,nan
163,14,0.03306443026901286,0.625,nan
163,15,0.016147997228155117,0.4375,nan
163,16,0.01091779316770198,0.3125,nan
163,17,2.3543341311301306e-05,0.0,nan
163,18,6.752307365138158e-05,0.0,nan
163,19,7.331269830011217e-05,0.0,nan
163,20,0.0001104525962204986,0.0,nan
163,21,7.853358723822497e-05,0.0,nan
163,22,9.259350522567138e-05,0.0,nan
163,23,1.9090844496955373e-05,0.0,nan
163,24,8.864133789420144e-05,0.0,nan
163,25,6.58213877587919e-05,0.0,nan
163,26,7.079190261280715e-05,0.0,nan
163,27,0.00019958923585296928,0.0,nan
163,28,9.560368982715781e-05,0.0,nan
163,29,4.4852598352819884e-05,0.0,nan
163,30,8.482188217536247e-05,0.0,nan
163,31,6.238395039873881e-05,0.0,nan
163,32,3.4194575198859386e-05,0.0,nan
163,33,3.245512189423788e-05,0.0,nan
163,34,5.4282203022504915e-05,0.0,nan
163,35,7.067684752806104e-05,0.0,nan
163,36,3.3720685127214086e-05,0.0,nan
163,37,7.502283028281444e-05,0.0,nan
163,38,7.257688071798767e-05,0.0625,nan
163,39,0.00010279356640777354,0.0,nan
163,40,6.407498358355926e-05,0.0,nan
163,41,0.00010058173909711109,0.0,nan
163,42,0.00011135521265168671,0.0,nan
163,43,8.04163262320147e-05,0.0,nan
163,44,5.654547438210708e-05,0.0,nan
163,45,9.437509490713787e-05,0.0,nan
163,46,6.964251187969317e-05,0.0,nan
163,47,2.2495845260831493e-05,0.0,nan
163,48,4.9810455721592555e-05,0.0,nan
163,49,4.6375957713053043e-05,0.0,nan
163,50,7.256597389024931e-05,0.0,nan
163,51,6.297177224213705e-05,0.0,nan
163,52,8.7350561745791e-05,0.0,nan
163,53,0.00026341079847695627,0.0,nan
163,54,8.156281996412392e-05,0.0,nan
163,55,3.194368734769981e-05,0.0,nan
163,56,2.9053482058309558e-05,0.0,nan
163,57,2.4108963237224453e-05,0.0,nan
163,58,5.4587457807710196e-05,0.0,nan
163,59,6.917019484699603e-05,0.0,nan
163,60,3.04349247073229e-05,0.0,nan
163,61,0.00010824353312400531,0.0,nan
163,62,7.371941430631699e-05,0.0,nan
163,63,4.012099952014317e-05,0.0,nan
163,64,9.098502954807866e-05,0.0,nan
163,65,6.286857674659961e-05,0.0,nan
163,66,5.2997877696057266e-05,0.0,nan
163,67,5.346145032512689e-05,0.0,nan
163,68,0.00047182378529755595,0.0,nan
163,69,3.9755863666478275e-05,0.0,nan
163,70,3.4390714809181085e-05,0.0,nan
163,71,6.337674084827918e-05,0.0,nan
163,72,0.00015891067756075052,0.0,nan
163,73,0.07484200031343415,0.9375,nan
163,74,0.00010723656544312865,0.0,nan
163,75,7.383214697426901e-05,0.0,nan
163,76,4.355393516713287e-05,0.0,nan
163,77,9.513822330608995e-05,0.0,nan
163,78,0.0001210610830149888,0.0,nan
163,79,4.93278293580196e-05,0.0,nan
163,80,4.471318374673619e-05,0.0,nan
163,81,9.13371297302655e-05,0.0,nan
163,82,4.298179537710321e-05,0.0,nan
163,83,0.00011925194125463966,0.0,nan
163,84,3.763605507285257e-05,0.0,nan
163,85,5.860217506528915e-05,0.0,nan
163,86,7.031650353474126e-05,0.0,nan
163,87,0.00012009917873930602,0.0,nan
163,88,5.0535532630519825e-05,0.0,nan
163,89,6.787860176106977e-05,0.0,nan
163,90,0.00011418420926797968,0.0,nan
163,91,3.9340324374717014e-05,0.0,nan
163,92,0.0001844004256864896,0.0,nan
163,93,6.0649190906924934e-05,0.0,nan
163,94,9.232228524358965e-05,0.0,nan
163,95,6.071386320985563e-05,0.0,nan
163,96,3.709821955840106e-05,0.0,nan
163,97,0.000282079420390194,0.125,nan
163,98,4.819151528937042e-05,0.0,nan
163,99,3.442750676546523e-05,0.0,nan
164,0,5.485236087192671e-05,0.0,nan
164,1,2.495211652628481e-05,0.0,nan
164,2,6.8823329844831564e-06,0.0,nan
164,3,6.198123620146582e-05,0.0,nan
164,4,0.0001543944985271152,0.0,nan
164,5,0.10949708203846818,0.9375,nan
164,6,3.2635989111539996e-05,0.0,nan
164,7,6.225194814141969e-05,0.0,nan
164,8,0.06511080187221231,1.0,nan
164,9,0.00011689025017376537,0.0,nan
164,10,9.576136107440728e-05,0.0,nan
164,11,0.00010785619404289376,0.0,nan
164,12,4.3697779572304624e-05,0.0,nan
164,13,1.857990848161019e-05,0.0,nan
164,14,0.029384363990558403,0.6875,nan
164,15,0.00022772365518879852,0.0,nan
164,16,0.016386992422956985,0.4375,nan
164,17,5.383187479245719e-05,0.0,nan
164,18,2.0317092805002258e-05,0.0,nan
164,19,6.555212825275862e-05,0.0,nan
164,20,5.428210900579071e-05,0.0,nan
164,21,2.633708548059125e-05,0.0,nan
164,22,4.980622999422637e-05,0.0,nan
164,23,3.8252948041938104e-05,0.0,nan
164,24,5.6864936153839686e-05,0.0,nan
164,25,0.00010463151823864711,0.0,nan
164,26,3.05656921724519e-05,0.0,nan
164,27,8.134260979982379e-05,0.0,nan
164,28,4.7885490334746133e-05,0.0,nan
164,29,1.1889220149472526e-05,0.0,nan
164,30,0.0003571622902652841,0.0,nan
164,31,8.568267072273844e-05,0.0,nan
164,32,0.00021753113146862974,0.0,nan
164,33,2.298815039643246e-05,0.0,nan
164,34,0.00014051871837763108,0.0,nan
164,35,4.971141252367878e-05,0.0,nan
164,36,6.87287271409518e-05,0.0,nan
164,37,5.191571210796355e-05,0.0,nan
164,38,0.00010276788073710659,0.0,nan
164,39,5.7425307006889014e-05,0.0,nan
164,40,0.00011587339958446477,0.0,nan
164,41,8.221341467252804e-05,0.0,nan
164,42,3.8426787120340824e-05,0.0,nan
164,43,0.00019106299432317526,0.0,nan
164,44,0.00011633772816636078,0.0,nan
164,45,4.8812063357971436e-05,0.0,nan
164,46,0.0001236817075686289,0.0,nan
164,47,6.788854333531839e-05,0.0,nan
164,48,7.724290824113171e-05,0.0,nan
164,49,5.407159255419861e-05,0.0,nan
164,50,4.0836981204262805e-05,0.0,nan
164,51,7.217537268907763e-05,0.0,nan
164,52,9.858461343893439e-05,0.0,nan
164,53,7.896371049474657e-05,0.0,nan
164,54,2.376462860595075e-05,0.0,nan
164,55,0.0001491807015435314,0.0,nan
164,56,6.421617555578186e-05,0.0,nan
164,57,0.0004250974386452712,0.0,nan
164,58,2.95137064599749e-05,0.0,nan
164,59,9.90050030035328e-05,0.0,nan
164,60,2.623871613319757e-05,0.0,nan
164,61,5.331892378735026e-05,0.0,nan
164,62,5.564160020563315e-05,0.0,nan
164,63,5.558777611936228e-05,0.0,nan
164,64,1.230864218686061e-05,0.0,nan
164,65,0.0002855567946949915,0.0,nan
164,66,7.777788211230276e-05,0.0,nan
164,67,2.7769050040649038e-05,0.0,nan
164,68,0.00011829963302651592,0.0,nan
164,69,5.76282125703888e-05,0.0,nan
164,70,2.72592151886327e-05,0.0,nan
164,71,8.810878935906978e-05,0.0,nan
164,72,3.405832326451778e-05,0.0,nan
164,73,0.08837739471699149,0.9375,nan
164,74,0.00017187127468786212,0.0,nan
164,75,8.017810578872235e-05,0.0,nan
164,76,7.749141726578053e-06,0.0,nan
164,77,1.6785220568891682e-05,0.0,nan
164,78,8.621009211997201e-05,0.0,nan
164,79,4.79324966537617e-05,0.0,nan
164,80,8.745859387404632e-05,0.0,nan
164,81,5.209823214861594e-05,0.0,nan
164,82,0.00010125424199853363,0.0,nan
164,83,5.83707345513867e-05,0.0,nan
164,84,5.4115303187513025e-05,0.0,nan
164,85,4.9803539798317574e-05,0.0,nan
164,86,2.9373692376640198e-05,0.0,nan
164,87,3.87233066266328e-05,0.0,nan
164,88,6.86940397902229e-05,0.0,nan
164,89,0.00019282730963798806,0.0,nan
164,90,2.8508358897240054e-05,0.0,nan
164,91,6.313859774224047e-05,0.0,nan
164,92,0.00013353970769267915,0.0,nan
164,93,2.0461951914418383e-05,0.0,nan
164,94,3.5102154296567734e-05,0.0,nan
164,95,1.194050976521796e-05,0.0,nan
164,96,5.141106997526565e-05,0.0,nan
164,97,0.005661568827372102,0.3125,nan
164,98,8.60595258626862e-05,0.0,nan
164,99,5.700305469789304e-05,0.0,nan
165,0,8.902539209275137e-05,0.0,nan
165,1,0.00013521442762272145,0.0,nan
165,2,5.2406071866880434e-05,0.0,nan
165,3,4.098478114680655e-05,0.0,nan
165,4,5.071150742750263e-05,0.0,nan
165,5,0.06587466394819227,0.9375,nan
165,6,6.377056456612595e-05,0.0,nan
165,7,7.54819188839434e-05,0.0,nan
165,8,0.06366314787935429,0.9375,nan
165,9,2.8674324501617306e-05,0.0,nan
165,10,2.5489370761070933e-05,0.0,nan
165,11,2.964278295069818e-05,0.0,nan
165,12,0.00012215000865802952,0.0,nan
165,13,8.43812060947611e-05,0.0,nan
165,14,0.015622239349941842,0.4375,nan
165,15,0.0002504650395167276,0.0,nan
165,16,0.018374346794003512,0.4375,nan
165,17,8.468064368545346e-05,0.0,nan
165,18,3.584234675246992e-05,0.0,nan
165,19,1.6868834969765904e-05,0.0,nan
165,20,2.628531852648887e-05,0.0,nan
165,21,2.4278770181500085e-05,0.0,nan
165,22,0.00018942360893671627,0.125,nan
165,23,5.981977105294475e-05,0.0,nan
165,24,0.00011749515122053593,0.0,nan
165,25,0.0001698866264212268,0.0,nan
165,26,5.462102998416888e-05,0.0,nan
165,27,4.395635990442695e-05,0.0,nan
165,28,3.293337427256013e-05,0.0,nan
165,29,4.746619453943131e-05,0.0,nan
165,30,8.262002334180994e-05,0.0,nan
165,31,8.98079862302298e-06,0.0,nan
165,32,6.483816015591871e-05,0.0,nan
165,33,5.333756167562157e-05,0.0,nan
165,34,5.773082743616904e-05,0.0,nan
165,35,4.319191524540067e-05,0.0,nan
165,36,7.203029949695934e-05,0.0,nan
165,37,3.1341556177165436e-05,0.0,nan
165,38,7.157975838436643e-05,0.0,nan
165,39,3.55885188280177e-05,0.0,nan
165,40,4.213660588120321e-05,0.0,nan
165,41,3.0831081205673645e-05,0.0,nan
165,42,8.05279789768146e-05,0.0,nan
165,43,0.00013464334161230503,0.0,nan
165,44,4.794577641232563e-05,0.0,nan
165,45,3.6063836265562587e-05,0.0,nan
165,46,2.3576463167517922e-05,0.0,nan
165,47,1.9649032676714034e-05,0.0,nan
165,48,0.0001456726651353202,0.0,nan
165,49,4.425668975460784e-05,0.0,nan
165,50,0.00011517868578179969,0.0,nan
165,51,6.773286875107171e-05,0.0,nan
165,52,3.4188761131584034e-05,0.0,nan
165,53,7.898988784552662e-05,0.0,nan
165,54,3.330423645904053e-05,0.0,nan
165,55,7.397775956052055e-05,0.0,nan
165,56,5.646669943168552e-05,0.0,nan
165,57,9.925777185728217e-05,0.0,nan
165,58,6.895583707904336e-05,0.0,nan
165,59,6.582951104104112e-05,0.0,nan
165,60,5.614513633023262e-05,0.0,nan
165,61,5.7549976715720916e-05,0.0,nan
165,62,2.764373619974749e-05,0.0,nan
165,63,4.5898080400159315e-05,0.0,nan
165,64,0.00016407106589296245,0.0,nan
165,65,0.0002493805856019477,0.0,nan
165,66,2.6381848159635854e-05,0.0,nan
165,67,5.9873631272792246e-05,0.0,nan
165,68,5.606860131355299e-05,0.0,nan
165,69,2.63964082736308e-05,0.0,nan
165,70,5.2166678654004035e-05,0.0,nan
165,71,4.535708314583495e-05,0.0,nan
165,72,4.685178305598522e-05,0.0,nan
165,73,0.08471786646417417,0.9375,nan
165,74,7.368842254929951e-05,0.0,nan
165,75,2.6686510429821607e-05,0.0,nan
165,76,8.349833501766508e-05,0.0,nan
165,77,2.633501828946922e-05,0.0,nan
165,78,6.318733581286371e-05,0.0,nan
165,79,2.491045798883811e-05,0.0,nan
165,80,8.919348735765076e-05,0.0,nan
165,81,2.263141147864439e-05,0.0,nan
165,82,0.00013361813131271077,0.0,nan
165,83,3.4416631809085244e-05,0.0,nan
165,84,3.136310681691627e-05,0.0,nan
165,85,3.8657611909011924e-05,0.0,nan
165,86,6.321709421103549e-05,0.0,nan
165,87,4.074803527260756e-05,0.0,nan
165,88,3.989817104956716e-05,0.0,nan
165,89,4.0716295671127184e-05,0.0,nan
165,90,8.913552609636361e-05,0.0,nan
165,91,2.623478329469113e-05,0.0,nan
165,92,4.027434145178712e-05,0.0,nan
165,93,4.846991414830224e-05,0.0,nan
165,94,6.173816841153084e-05,0.0,nan
165,95,3.052412898102769e-05,0.0,nan
165,96,6.388953863717097e-05,0.0,nan
165,97,0.017869258359602624,0.5,nan
165,98,0.00011437055185664207,0.0,nan
165,99,6.675250442352758e-05,0.0,nan
166,0,6.7538693296685e-05,0.0,nan
166,1,3.8452217460725646e-05,0.0,nan
166,2,0.00012632062052875509,0.0,nan
166,3,2.4049828204049357e-05,0.0,nan
166,4,5.229228591569869e-05,0.0,nan
166,5,0.05894173663423571,0.875,nan
166,6,2.2502519616682583e-05,0.0,nan
166,7,2.9618706256074395e-05,0.0,nan
166,8,0.06377076518719821,1.0,nan
166,9,1.9703438437264722e-05,0.0,nan
166,10,8.547107365680445e-05,0.0,nan
166,11,3.34268659481065e-05,0.0,nan
166,12,1.248140574469126e-05,0.0,nan
166,13,0.0009062669314261699,0.0,nan
166,14,0.031615101558212476,0.8125,nan
166,15,0.016038456367954142,0.5,nan
166,16,0.01024671633621905,0.0625,nan
166,17,0.00010214818396550045,0.0,nan
166,18,3.768256126708199e-05,0.0,nan
166,19,4.213375908219932e-05,0.0,nan
166,20,5.6972957984217686e-05,0.0,nan
166,21,1.54193803219142e-05,0.0,nan
166,22,8.925446780072734e-05,0.0,nan
166,23,2.0214765680721124e-05,0.0,nan
166,24,8.005079533224998e-05,0.0,nan
166,25,8.267095736282384e-05,0.0,nan
166,26,3.695336494569447e-05,0.0,nan
166,27,0.00012100323107226215,0.0,nan
166,28,3.167575414155356e-05,0.0,nan
166,29,3.725806021814389e-05,0.0,nan
166,30,7.395449099802863e-05,0.0,nan
166,31,9.083638574767932e-05,0.0,nan
166,32,7.073537636360378e-05,0.0,nan
166,33,7.008431959987474e-05,0.0,nan
166,34,0.00012609366583495445,0.0,nan
166,35,7.07291888924645e-05,0.0,nan
166,36,6.042363425244175e-05,0.0,nan
166,37,7.697834134732853e-05,0.0,nan
166,38,0.00014090666893730696,0.0,nan
166,39,4.4305557112355736e-05,0.0,nan
166,40,6.36062682981737e-05,0.0,nan
166,41,5.9538576184860896e-05,0.0,nan
166,42,5.150662581599025e-05,0.0,nan
166,43,6.757197948027629e-05,0.0,nan
166,44,3.76711991497766e-05,0.0,nan
166,45,7.160397166984732e-05,0.0,nan
166,46,0.00011643885628775165,0.0,nan
166,47,4.136163549062964e-05,0.0,nan
166,48,7.74495297414438e-05,0.0,nan
166,49,0.00013896032268265066,0.0,nan
166,50,0.00011002796400088,0.0,nan
166,51,9.356853933587488e-05,0.0,nan
166,52,9.883547052046956e-05,0.0,nan
166,53,2.0456167059069468e-05,0.0,nan
166,54,2.1828018111078672e-05,0.0,nan
166,55,9.129429706186931e-05,0.0,nan
166,56,0.00012027580734319914,0.0,nan
166,57,0.00015452099146015627,0.0,nan
166,58,3.378474783163914e-05,0.0,nan
166,59,5.9566356575253135e-05,0.0,nan
166,60,3.836390916605238e-05,0.0,nan
166,61,2.6580341501323754e-05,0.0,nan
166,62,7.659678663536666e-05,0.0,nan
166,63,5.587788847500827e-05,0.0,nan
166,64,8.362296897495409e-05,0.0,nan
166,65,6.13169662619253e-05,0.0,nan
166,66,6.187386523018712e-05,0.0,nan
166,67,8.081069011668695e-05,0.0,nan
166,68,7.802828916384622e-05,0.0,nan
166,69,6.165544909465883e-05,0.0,nan
166,70,3.9221344749260914e-05,0.0,nan
166,71,7.68558762131942e-05,0.0,nan
166,72,6.422947598391165e-05,0.0,nan
166,73,0.08894042652593115,0.9375,nan
166,74,8.181500671376473e-05,0.0,nan
166,75,4.062223824921153e-05,0.0,nan
166,76,5.895286496377687e-05,0.0,nan
166,77,5.6674135714034405e-05,0.0,nan
166,78,0.00010493795140002522,0.0,nan
166,79,5.680996089978681e-05,0.0,nan
166,80,3.95572898120689e-05,0.0,nan
166,81,8.302254275568955e-05,0.0,nan
166,82,9.49155088549761e-05,0.0,nan
166,83,0.00031409715795400686,0.0,nan
166,84,5.031282465363036e-05,0.0,nan
166,85,3.563688314539991e-05,0.0,nan
166,86,5.995588214283635e-05,0.0,nan
166,87,7.984199501435429e-05,0.0,nan
166,88,6.495201610915916e-05,0.0,nan
166,89,0.00010455009645120024,0.0,nan
166,90,1.3955556948796706e-05,0.0,nan
166,91,3.058075041099247e-05,0.0,nan
166,92,0.00011985411427260919,0.0,nan
166,93,4.3366339593538895e-05,0.0,nan
166,94,5.9711173680216915e-05,0.0,nan
166,95,5.703589718155234e-05,0.0,nan
166,96,6.078645412737199e-05,0.0,nan
166,97,7.036620655203848e-05,0.0625,nan
166,98,7.661168336226673e-05,0.0,nan
166,99,6.795969783796807e-05,0.0,nan
167,0,0.0001312530557515645,0.0,nan
167,1,0.00014644414815049596,0.0,nan
167,2,9.280513509411164e-05,0.0,nan
167,3,6.455488776091256e-05,0.0,nan
167,4,3.796447708710362e-05,0.0,nan
167,5,9.075851382835515e-05,0.0,nan
167,6,8.832937746136203e-05,0.0,nan
167,7,9.261072172383618e-05,0.0,nan
167,8,0.072651839629218,0.9375,nan
167,9,1.5308524146383217e-05,0.0,nan
167,10,0.00013168485693599078,0.0,nan
167,11,6.695294444883891e-05,0.0,nan
167,12,7.656299928406773e-05,0.0,nan
167,13,0.000581943436730677,0.0,nan
167,14,0.02681819967522111,0.5625,nan
167,15,8.80095205204941e-05,0.0,nan
167,16,0.013029805024266547,0.125,nan
167,17,9.166620259881854e-05,0.0,nan
167,18,6.117133597079846e-05,0.0,nan
167,19,6.871579391247738e-05,0.0,nan
167,20,7.928836235020213e-05,0.0,nan
167,21,7.407317448468578e-05,0.0,nan
167,22,0.00012582619934075,0.0625,nan
167,23,0.00011784807493937953,0.0,nan
167,24,7.789388607098211e-05,0.0,nan
167,25,7.231765053872247e-05,0.0,nan
167,26,0.00011751224544873632,0.0,nan
167,27,9.557649332789624e-05,0.0,nan
167,28,4.7234791318161376e-05,0.0,nan
167,29,0.0002008645369365033,0.0,nan
167,30,0.00011609682605371283,0.0,nan
167,31,3.478856326291821e-05,0.0,nan
167,32,0.0002579748729264309,0.0,nan
167,33,6.101252489990638e-05,0.0,nan
167,34,3.5799714687116454e-05,0.0,nan
167,35,0.00011459579167593756,0.0,nan
167,36,0.00010178308518392952,0.0,nan
167,37,2.8523136297490453e-05,0.0,nan
167,38,7.979272489695271e-05,0.0,nan
167,39,7.357883154813479e-05,0.0,nan
167,40,0.00011583443556189611,0.0,nan
167,41,5.604157050891463e-05,0.0,nan
167,42,0.00012260155003277512,0.0,nan
167,43,8.99036494769437e-05,0.0,nan
167,44,9.411607616266177e-05,0.0,nan
167,45,0.00017373659950015852,0.0,nan
167,46,9.195160990761565e-05,0.0,nan
167,47,5.0452948004044295e-05,0.0,nan
167,48,2.345047452164594e-05,0.0,nan
167,49,0.0001374286246523446,0.0,nan
167,50,4.232451800770645e-05,0.0,nan
167,51,5.1717934913583555e-05,0.0,nan
167,52,4.476460330740027e-05,0.0,nan
167,53,9.152178723474829e-05,0.0,nan
167,54,6.739731620861338e-05,0.0,nan
167,55,6.351645244821415e-05,0.0,nan
167,56,0.0001290754637015501,0.0,nan
167,57,4.2577193964122076e-05,0.0,nan
167,58,0.00026427562696209456,0.0,nan
167,59,8.498086808068043e-05,0.0,nan
167,60,4.348692439502973e-05,0.0,nan
167,61,5.053759726605233e-05,0.0,nan
167,62,7.312806105427204e-05,0.0,nan
167,63,6.698357926568081e-05,0.0,nan
167,64,0.00014331213285080218,0.0,nan
167,65,0.00012926493473201353,0.0,nan
167,66,7.747486562974926e-05,0.0,nan
167,67,1.6036783246401046e-05,0.0,nan
167,68,8.710172283993522e-05,0.0,nan
167,69,6.118656133132129e-05,0.0,nan
167,70,6.582857840864084e-05,0.0,nan
167,71,8.260037116057485e-05,0.0,nan
167,72,0.00015671967353340138,0.0,nan
167,73,0.049290470212241116,0.8125,nan
167,74,5.432042092262543e-05,0.0,nan
167,75,5.99435961965251e-05,0.0,nan
167,76,0.00010123627300728082,0.0,nan
167,77,0.00015711302080055685,0.0,nan
167,78,4.202365813253737e-05,0.0,nan
167,79,6.506948565505695e-05,0.0,nan
167,80,0.0001479495573937675,0.0,nan
167,81,4.604477911141475e-05,0.0,nan
167,82,0.0006989639255238626,0.0,nan
167,83,9.261284025298622e-05,0.0,nan
167,84,7.073845025024811e-05,0.0,nan
167,85,0.00010294354307614647,0.0,nan
167,86,5.975050736594651e-05,0.0,nan
167,87,0.00021656249828650234,0.0,nan
167,88,4.7677658550700345e-05,0.0,nan
167,89,3.7681047563414965e-05,0.0,nan
167,90,0.00011349244712843869,0.0,nan
167,91,0.06389925690054717,0.875,nan
167,92,8.569934589646098e-05,0.0,nan
167,93,5.264307444705814e-05,0.0,nan
167,94,6.419007834109001e-05,0.0,nan
167,95,0.00016853542896627134,0.0,nan
167,96,8.19012576895357e-05,0.0,nan
167,97,0.04441011495920321,0.8125,nan
167,98,6.451144136653156e-05,0.0,nan
167,99,1.864208407695568e-05,0.0,nan
168,0,7.588848105715402e-05,0.0,nan
168,1,0.0001234369630916863,0.0,nan
168,2,8.741961556109255e-05,0.0,nan
168,3,6.381643178974107e-05,0.0,nan
168,4,7.087567410782722e-05,0.0,nan
168,5,0.06867862129365174,0.8125,nan
168,6,9.234313755329931e-05,0.0,nan
168,7,4.469237970042543e-05,0.0,nan
168,8,0.0658166656724919,1.0,nan
168,9,0.00011921978049173323,0.0,nan
168,10,0.00013787077231601754,0.0,nan
168,11,4.7767073167451114e-05,0.0,nan
168,12,4.514193624988599e-05,0.0,nan
168,13,0.00010884515399650597,0.0,nan
168,14,0.03618328768591298,0.8125,nan
168,15,0.002535584123773037,0.125,nan
168,16,0.012002209204223813,0.1875,nan
168,17,7.331471704552873e-05,0.0,nan
168,18,4.631313504080622e-05,0.0,nan
168,19,3.1100964400535014e-05,0.0,nan
168,20,2.8336381165889502e-05,0.0,nan
168,21,5.6771304788519085e-05,0.0,nan
168,22,4.223667178918959e-05,0.0,nan
168,23,4.596521856280941e-05,0.0,nan
168,24,0.00011085463335826635,0.0,nan
168,25,4.006278817632071e-05,0.0,nan
168,26,5.208920317050307e-05,0.0,nan
168,27,3.351065521395275e-05,0.0,nan
168,28,3.683421172936999e-05,0.0,nan
168,29,2.7069048351680954e-05,0.0,nan
168,30,0.00010696523277651255,0.0,nan
168,31,7.453489225327333e-05,0.0,nan
168,32,0.0001812542928961686,0.0,nan
168,33,2.387266102828695e-05,0.0,nan
168,34,5.8289387451584925e-05,0.0,nan
168,35,0.00012105865911313848,0.0,nan
168,36,7.727698521869619e-05,0.0,nan
168,37,3.913328367855495e-05,0.0,nan
168,38,2.3821430023779912e-05,0.0,nan
168,39,8.495657270329136e-05,0.0,nan
168,40,2.0126304478133505e-05,0.0,nan
168,41,0.00014182312156720445,0.0,nan
168,42,3.592762742973511e-05,0.0,nan
168,43,2.3443859769869366e-05,0.0,nan
168,44,1.0986815800210595e-05,0.0,nan
168,45,0.00010738223104611046,0.0,nan
168,46,7.437222549580736e-06,0.0,nan
168,47,5.914827247699064e-05,0.0,nan
168,48,2.253880632248003e-05,0.0,nan
168,49,3.9699161714094495e-05,0.0,nan
168,50,9.836462653702816e-05,0.0,nan
168,51,0.00013585630824548953,0.0,nan
168,52,4.3799755075887725e-05,0.0,nan
168,53,0.00010717199235094371,0.0,nan
168,54,0.00011700571551363263,0.0,nan
168,55,8.961593975509663e-05,0.0,nan
168,56,3.9812424040069826e-05,0.0,nan
168,57,7.553204224655972e-05,0.0,nan
168,58,1.1497633246919408e-05,0.0,nan
168,59,2.3904692775354092e-05,0.0,nan
168,60,5.888845124205064e-05,0.0,nan
168,61,8.880666528773525e-05,0.0,nan
168,62,0.000404102117282196,0.0,nan
168,63,4.913049501628137e-05,0.0,nan
168,64,3.8817292816441495e-05,0.0,nan
168,65,0.0001014516679998175,0.0,nan
168,66,6.23179358328644e-05,0.0,nan
168,67,2.9753480060262184e-05,0.0,nan
168,68,8.021667221370769e-05,0.0,nan
168,69,9.089375072786769e-05,0.0,nan
168,70,4.283653013036069e-05,0.0,nan
168,71,3.591468737395548e-05,0.0,nan
168,72,3.6339214152634745e-05,0.0,nan
168,73,0.08564549178112689,0.9375,nan
168,74,5.3175570683684545e-05,0.0,nan
168,75,5.577400955938385e-05,0.0,nan
168,76,0.0001472896473089646,0.0,nan
168,77,0.0001860850703109957,0.0,nan
168,78,2.8596717907324556e-05,0.0,nan
168,79,3.040472657018143e-05,0.0,nan
168,80,4.065666577659105e-05,0.0,nan
168,81,2.15397114874807e-05,0.0,nan
168,82,0.00010998090124031965,0.0,nan
168,83,4.725232717480953e-05,0.0,nan
168,84,8.953505726683333e-05,0.0,nan
168,85,4.3277519163035965e-05,0.0,nan
168,86,3.7149370559447276e-05,0.0,nan
168,87,0.00010683536216508712,0.0,nan
168,88,5.9837218731889084e-05,0.0,nan
168,89,0.00011540727808338827,0.0,nan
168,90,0.0001499549963718108,0.0,nan
168,91,9.98408454403318e-05,0.0,nan
168,92,8.971934708993439e-05,0.0,nan
168,93,8.471115884963098e-05,0.0,nan
168,94,4.726725867274699e-05,0.0,nan
168,95,9.476783503931913e-05,0.0,nan
168,96,2.8608883414183865e-05,0.0,nan
168,97,0.013004139764990227,0.3125,nan
168,98,3.952691762451945e-05,0.0,nan
168,99,1.5944551337200126e-05,0.0,nan
169,0,0.0002130050098455101,0.0,nan
169,1,5.8140845530042434e-05,0.0,nan
169,2,3.507544681750569e-05,0.0,nan
169,3,0.00015803986016245874,0.0,nan
169,4,2.4892433792306958e-05,0.0,nan
169,5,0.0466906782569567,1.0,nan
169,6,4.0804353075743566e-05,0.0,nan
169,7,1.1184442372262458e-05,0.0,nan
169,8,0.0700547889485224,1.0,nan
169,9,5.888042533935655e-05,0.0,nan
169,10,4.8204611941809753e-05,0.0,nan
169,11,0.00010518923252322237,0.0,nan
169,12,6.005800671656383e-05,0.0,nan
169,13,0.00030936229350686214,0.0,nan
169,14,0.021427582041484636,0.5,nan
169,15,0.023832866038749005,0.5625,nan
169,16,0.01298314033037213,0.1875,nan
169,17,2.5822815798131347e-05,0.0,nan
169,18,0.00015499318822471993,0.0,nan
169,19,1.1899809597340606e-05,0.0,nan
169,20,5.482973616083288e-05,0.0,nan
169,21,2.951708845355873e-05,0.0,nan
169,22,9.38087892490066e-06,0.0,nan
169,23,7.139360123742313e-05,0.0,nan
169,24,5.988372524204686e-05,0.0,nan
169,25,4.03419945445128e-05,0.0,nan
169,26,6.040954701239362e-05,0.0,nan
169,27,3.7610214358231436e-05,0.0,nan
169,28,7.950347640330713e-05,0.0,nan
169,29,1.979116216273249e-05,0.0,nan
169,30,0.00016717247709048766,0.0,nan
169,31,1.9184890300135302e-05,0.0,nan
169,32,8.929027479370067e-05,0.0,nan
169,33,4.591557085737885e-05,0.0,nan
169,34,3.429332694383608e-05,0.0,nan
169,35,3.582409130159195e-05,0.0,nan
169,36,9.195395901871647e-05,0.0,nan
169,37,2.6471121084340225e-05,0.0,nan
169,38,3.7687171153213245e-05,0.0,nan
169,39,9.204405373810273e-05,0.0,nan
169,40,5.7329843995010754e-05,0.0,nan
169,41,2.9373912499497592e-05,0.0,nan
169,42,4.175593881027753e-05,0.0,nan
169,43,4.908840198736095e-05,0.0,nan
169,44,7.798669897639098e-05,0.0,nan
169,45,0.0002730047029993037,0.0,nan
169,46,5.1855876751535505e-05,0.0,nan
169,47,9.207063126338933e-05,0.0,nan
169,48,7.646980561255178e-05,0.0,nan
169,49,5.6017529024609576e-05,0.0,nan
169,50,7.216941691929483e-05,0.0,nan
169,51,6.615701372557178e-05,0.0,nan
169,52,6.471885860120753e-05,0.0,nan
169,53,6.62778658006311e-05,0.0,nan
169,54,5.3547813580417e-05,0.0,nan
169,55,2.5805615276251973e-05,0.0,nan
169,56,4.7502192946818055e-05,0.0,nan
169,57,2.9896528773754366e-05,0.0,nan
169,58,7.01986151442334e-05,0.0,nan
169,59,3.2988884181662575e-05,0.0,nan
169,60,2.8902461466775994e-05,0.0,nan
169,61,3.932576768302902e-05,0.0,nan
169,62,8.123290610556701e-05,0.0,nan
169,63,4.064037464578292e-05,0.0,nan
169,64,7.445651310291856e-06,0.0,nan
169,65,7.864965638337362e-05,0.0,nan
169,66,0.0002057725859439256,0.0,nan
169,67,9.72368935245183e-05,0.0,nan
169,68,1.5892268746726756e-05,0.0,nan
169,69,3.194659648919938e-05,0.0,nan
169,70,2.0833555853738507e-05,0.0,nan
169,71,3.6469227845860105e-05,0.0,nan
169,72,3.090694326029405e-05,0.0,nan
169,73,0.0961711588459371,0.875,nan
169,74,3.33771568480514e-05,0.0,nan
169,75,4.7610669905580254e-05,0.0,nan
169,76,6.472913641616832e-05,0.0,nan
169,77,5.0479385824669714e-05,0.0,nan
169,78,6.656779412125213e-05,0.0,nan
169,79,6.703679104815615e-05,0.0,nan
169,80,2.944207512457388e-05,0.0,nan
169,81,3.28102308853105e-05,0.0,nan
169,82,6.910822436005452e-05,0.0,nan
169,83,6.080500979236864e-05,0.0,nan
169,84,4.5959510798504255e-05,0.0,nan
169,85,4.802639987775751e-05,0.0,nan
169,86,9.364787713652631e-05,0.0,nan
169,87,5.656139995040919e-05,0.0,nan
169,88,9.411412039185259e-05,0.0,nan
169,89,6.122113255194489e-05,0.0,nan
169,90,0.000127524565245513,0.0,nan
169,91,9.764318628448821e-05,0.0,nan
169,92,0.00014481958426093794,0.0,nan
169,93,5.372015248417471e-05,0.0,nan
169,94,5.912639458239581e-05,0.0,nan
169,95,6.729953638001837e-05,0.0,nan
169,96,6.876870778209447e-05,0.0,nan
169,97,5.3629161772761024e-05,0.0,nan
169,98,0.00010840858768683122,0.0,nan
169,99,6.330600879639992e-05,0.0,nan
170,0,2.148944377773663e-05,0.0,nan
170,1,4.907605865639687e-05,0.0,nan
170,2,1.1712233958223836e-05,0.0,nan
170,3,6.542104685609315e-05,0.0,nan
170,4,0.00015330561608652553,0.0,nan
170,5,0.039792154057332885,0.875,nan
170,6,1.8709566371367787e-05,0.0,nan
170,7,6.265233007775564e-05,0.0,nan
170,8,0.060270459154487456,1.0,nan
170,9,8.498645935575382e-05,0.0,nan
170,10,0.00011259374990914899,0.0,nan
170,11,6.0818338664065825e-05,0.0,nan
170,12,4.6505760157315765e-05,0.0,nan
170,13,5.9148865474846084e-05,0.0,nan
170,14,0.015385991880137225,0.3125,nan
170,15,9.482833438431625e-05,0.0,nan
170,16,0.020388775670811477,0.5,nan
170,17,4.80106698815889e-05,0.0,nan
170,18,8.107181137815588e-05,0.0,nan
170,19,4.904577866985479e-05,0.0,nan
170,20,2.211701464603075e-05,0.0,nan
170,21,0.00011788592597241176,0.0,nan
170,22,0.00011061124796062519,0.0,nan
170,23,2.2703770858440105e-05,0.0,nan
170,24,5.127756775485946e-05,0.0,nan
170,25,0.0001844958634983534,0.0,nan
170,26,4.611514534201405e-05,0.0,nan
170,27,5.01880122874812e-05,0.0,nan
170,28,0.0001021651824652669,0.0,nan
170,29,1.9768036311579768e-05,0.0,nan
170,30,0.00039978386315552196,0.0,nan
170,31,5.140014540233985e-05,0.0,nan
170,32,6.860539651973744e-05,0.0,nan
170,33,1.4994106878389452e-05,0.0,nan
170,34,8.085225376019561e-05,0.0,nan
170,35,3.161203677871363e-05,0.0,nan
170,36,6.705562423293722e-05,0.0,nan
170,37,5.168548974152605e-05,0.0,nan
170,38,4.5312097517123136e-05,0.0,nan
170,39,5.30814364532423e-05,0.0,nan
170,40,6.133293272581066e-05,0.0,nan
170,41,0.00010018447239186514,0.0,nan
170,42,0.0001049479811245031,0.0,nan
170,43,2.95849696170572e-05,0.0,nan
170,44,9.70332502130624e-05,0.0,nan
170,45,0.0001898725790424062,0.0,nan
170,46,2.6064072030108237e-05,0.0,nan
170,47,2.828547096946358e-05,0.0,nan
170,48,8.404422019501932e-05,0.0,nan
170,49,4.0328634227521484e-05,0.0,nan
170,50,8.802479965262963e-06,0.0,nan
170,51,4.0218969429258514e-05,0.0,nan
170,52,2.8050583028518033e-05,0.0,nan
170,53,8.754318250632674e-05,0.0,nan
170,54,4.7023727795951286e-05,0.0,nan
170,55,8.266061666735674e-05,0.0,nan
170,56,4.122623134471746e-05,0.0,nan
170,57,8.316037139377569e-05,0.0,nan
170,58,5.368833068528112e-05,0.0,nan
170,59,7.423411243316996e-05,0.0,nan
170,60,4.323893982866304e-05,0.0,nan
170,61,7.256414862940927e-05,0.0,nan
170,62,0.00012365587953936893,0.0,nan
170,63,0.00020685432980132944,0.0,nan
170,64,3.787747152213499e-05,0.0,nan
170,65,5.0539768012966536e-05,0.0,nan
170,66,0.00011230563147904423,0.0,nan
170,67,2.6004213376392476e-05,0.0,nan
170,68,0.0002515489958847835,0.0,nan
170,69,3.1135329468807216e-05,0.0,nan
170,70,5.7865255286191115e-05,0.0,nan
170,71,2.5923707884894798e-05,0.0,nan
170,72,9.098161307973557e-05,0.0,nan
170,73,0.04876220228235045,0.875,nan
170,74,5.873763221365144e-05,0.0,nan
170,75,4.1650075698192556e-05,0.0,nan
170,76,7.526424635506524e-05,0.0,nan
170,77,0.00024598344821695527,0.0,nan
170,78,3.6627438032723646e-05,0.0,nan
170,79,6.224440347360572e-05,0.0,nan
170,80,3.0949187397643645e-05,0.0,nan
170,81,0.0001260371581098925,0.0,nan
170,82,3.366279563745372e-05,0.0,nan
170,83,3.5163172251960134e-05,0.0,nan
170,84,9.539359082432516e-05,0.0,nan
170,85,6.0992558099861466e-05,0.0,nan
170,86,3.8181904069667625e-05,0.0,nan
170,87,4.671669019465159e-05,0.0,nan
170,88,1.919078038494102e-05,0.0,nan
170,89,0.0001526058944941549,0.0,nan
170,90,0.0001313394256812678,0.0,nan
170,91,6.0472983060396406e-05,0.0,nan
170,92,5.600062263875176e-05,0.0,nan
170,93,9.275528170002648e-05,0.0,nan
170,94,8.256444640704564e-05,0.0,nan
170,95,6.11470758478332e-05,0.0,nan
170,96,5.4112231878291646e-05,0.0,nan
170,97,0.019245096577161728,0.5,nan
170,98,4.990937648654268e-05,0.0,nan
170,99,0.00020126144305227406,0.0,nan
171,0,2.641174814968874e-05,0.0,nan
171,1,7.90375684504591e-05,0.0,nan
171,2,4.185047356771712e-05,0.0,nan
171,3,2.9351581947267025e-05,0.0,nan
171,4,6.879740332023105e-05,0.0,nan
171,5,0.08843060081326179,0.9375,nan
171,6,6.82775301542385e-05,0.0,nan
171,7,8.071537233382726e-05,0.0,nan
171,8,0.06063423466956349,1.0,nan
171,9,4.967263033698864e-05,0.0,nan
171,10,3.265614275730068e-05,0.0,nan
171,11,6.886540628945606e-05,0.0,nan
171,12,4.178930742201349e-05,0.0,nan
171,13,8.513628006530925e-05,0.0,nan
171,14,0.026064111447193155,0.8125,nan
171,15,4.0931585850758414e-05,0.0,nan
171,16,0.014730719968678536,0.3125,nan
171,17,7.273364754471423e-05,0.0,nan
171,18,3.023576497820783e-05,0.0,nan
171,19,7.552966390927065e-05,0.0,nan
171,20,4.732576298181332e-05,0.0,nan
171,21,4.03604243371959e-05,0.0,nan
171,22,0.00012441536170661893,0.0,nan
171,23,5.112131651340983e-05,0.0,nan
171,24,0.00011928494372796878,0.0,nan
171,25,8.100219534640208e-05,0.0,nan
171,26,4.238805364336491e-05,0.0,nan
171,27,6.799461388407343e-05,0.0,nan
171,28,2.0725694822486197e-05,0.0,nan
171,29,2.210185641667139e-05,0.0,nan
171,30,0.00011344939081822994,0.0,nan
171,31,3.006187308909368e-05,0.0,nan
171,32,0.0002899017215631629,0.0,nan
171,33,3.581872915959165e-05,0.0,nan
171,34,0.00010775433701777894,0.0,nan
171,35,4.175214341210904e-05,0.0,nan
171,36,4.107107004479093e-05,0.0,nan
171,37,3.1542835824900466e-05,0.0,nan
171,38,4.8803543825353036e-05,0.0,nan
171,39,5.4871133282340145e-05,0.0,nan
171,40,7.957956893167073e-05,0.0,nan
171,41,4.847597465586333e-05,0.0,nan
171,42,9.949405096604415e-05,0.0,nan
171,43,0.0001371406280352536,0.0,nan
171,44,4.9591716058087235e-05,0.0,nan
171,45,9.595491927250932e-05,0.0,nan
171,46,4.86291635571719e-05,0.0,nan
171,47,5.18379851041355e-05,0.0,nan
171,48,6.38249566903477e-05,0.0,nan
171,49,2.908174603119737e-05,0.0,nan
171,50,2.4971665065394644e-05,0.0,nan
171,51,4.187488842524517e-05,0.0,nan
171,52,8.367596811616592e-05,0.0,nan
171,53,7.240030793680007e-05,0.0,nan
171,54,3.1775627577581184e-05,0.0,nan
171,55,5.96403520585488e-05,0.0,nan
171,56,4.7115161957982926e-05,0.0,nan
171,57,3.1228556228271084e-05,0.0,nan
171,58,3.498917923534435e-05,0.0,nan
171,59,3.157097957313086e-05,0.0,nan
171,60,3.798672452001674e-05,0.0,nan
171,61,6.948051252535543e-05,0.0,nan
171,62,6.841827489104552e-05,0.0,nan
171,63,4.710906463083913e-05,0.0,nan
171,64,2.754720047488598e-05,0.0,nan
171,65,4.580399366677742e-05,0.0,nan
171,66,4.6986357121441896e-05,0.0,nan
171,67,0.0001517345593078037,0.0,nan
171,68,0.00021305979932934705,0.0,nan
171,69,1.77249736879655e-05,0.0,nan
171,70,2.755457030508824e-05,0.0,nan
171,71,1.632023672372119e-05,0.0,nan
171,72,3.953523470421377e-05,0.0,nan
171,73,0.07739947095267963,0.9375,nan
171,74,1.7726640969352755e-05,0.0,nan
171,75,7.419837065854682e-05,0.0,nan
171,76,6.505700843541365e-05,0.0,nan
171,77,2.811929896142554e-05,0.0,nan
171,78,6.889202113125627e-05,0.0,nan
171,79,4.692795050146171e-05,0.0,nan
171,80,5.0014760175447776e-05,0.0,nan
171,81,4.980683337848523e-05,0.0,nan
171,82,5.2597599375476285e-05,0.0,nan
171,83,4.0880487891007056e-05,0.0,nan
171,84,5.352596549548369e-05,0.0,nan
171,85,0.00015757592974972564,0.0,nan
171,86,1.9827871209170667e-05,0.0,nan
171,87,5.3799791915766826e-05,0.0,nan
171,88,5.579320162054458e-05,0.0,nan
171,89,7.651429604663859e-05,0.0,nan
171,90,4.640910026280445e-05,0.0,nan
171,91,2.8963168184883165e-05,0.0,nan
171,92,5.771313556404159e-05,0.0,nan
171,93,4.0748411958061234e-05,0.0,nan
171,94,3.974798272874385e-05,0.0,nan
171,95,4.69024471769868e-05,0.0,nan
171,96,7.308346930765152e-05,0.0,nan
171,97,0.02006307591095283,0.5625,nan
171,98,3.807470581467542e-05,0.0,nan
171,99,2.7755758025764927e-05,0.0,nan
172,0,5.918829204661724e-05,0.0,nan
172,1,3.2595499197819375e-05,0.0,nan
172,2,3.3113747000712697e-05,0.0,nan
172,3,8.139869432321182e-05,0.0,nan
172,4,0.00013113210076653146,0.0,nan
172,5,7.456145488573377e-05,0.0,nan
172,6,5.540908653474815e-05,0.0,nan
172,7,4.3856856556406365e-05,0.0,nan
172,8,0.07602754524909439,1.0,nan
172,9,3.148133312029893e-05,0.0,nan
172,10,5.667897614416958e-05,0.0,nan
172,11,4.516176391658224e-05,0.0,nan
172,12,9.287971401954897e-05,0.0,nan
172,13,0.00013177597629107543,0.0,nan
172,14,0.04636892339836828,0.75,nan
172,15,0.00011979134017589901,0.0,nan
172,16,0.014744383992955471,0.25,nan
172,17,5.130593220789767e-05,0.0,nan
172,18,6.444239531277454e-05,0.0,nan
172,19,5.2198412428783674e-05,0.0,nan
172,20,0.00014790156577092672,0.0,nan
172,21,2.929909647610129e-05,0.0,nan
172,22,0.0001190880049902258,0.0,nan
172,23,7.129502543187915e-05,0.0,nan
172,24,5.5170795571286227e-05,0.0,nan
172,25,6.273654726275484e-05,0.0,nan
172,26,3.1846154405587606e-05,0.0,nan
172,27,9.767485343587828e-05,0.0,nan
172,28,3.7087948016033736e-05,0.0,nan
172,29,4.7104810065792394e-05,0.0,nan
172,30,0.000146762107934356,0.0,nan
172,31,5.9566334545175605e-05,0.0,nan
172,32,5.740665076064841e-05,0.0,nan
172,33,5.253566786100356e-05,0.0,nan
172,34,4.629043636096821e-05,0.0,nan
172,35,5.572585280385309e-05,0.0,nan
172,36,9.209115543912276e-05,0.0,nan
172,37,1.934755088508237e-05,0.0,nan
172,38,0.00028258288825645144,0.0,nan
172,39,0.0001045499370322893,0.0,nan
172,40,0.000116636667105104,0.0,nan
172,41,0.00012052313012295707,0.0,nan
172,42,3.938012860278985e-05,0.0,nan
172,43,8.294526435813502e-05,0.0,nan
172,44,4.5332659893599676e-05,0.0,nan
172,45,0.00013398456088414829,0.0,nan
172,46,5.9387949287665665e-05,0.0,nan
172,47,3.542237827233052e-05,0.0,nan
172,48,5.204011373292477e-05,0.0,nan
172,49,3.477403505714088e-05,0.0,nan
172,50,8.624116049406704e-05,0.0,nan
172,51,6.200095850257354e-05,0.0,nan
172,52,9.343567513963037e-05,0.0,nan
172,53,4.480162789352213e-05,0.0,nan
172,54,2.9428252677777017e-05,0.0,nan
172,55,5.4473943042519595e-05,0.0,nan
172,56,0.00014973631460195785,0.0,nan
172,57,7.30978118575694e-05,0.0,nan
172,58,6.496902893965104e-05,0.0,nan
172,59,0.00010092764067874822,0.0,nan
172,60,3.7336280470678674e-05,0.0,nan
172,61,0.0001673494002896041,0.0,nan
172,62,6.728707251599774e-05,0.0,nan
172,63,0.00011504291376021402,0.0,nan
172,64,7.431461424529357e-05,0.0,nan
172,65,0.00017194208455225188,0.0,nan
172,66,2.7557532690293782e-05,0.0,nan
172,67,4.7260175107216675e-05,0.0,nan
172,68,7.362052763643963e-05,0.0,nan
172,69,3.7104267928345054e-05,0.0,nan
172,70,5.5958968399083933e-05,0.0,nan
172,71,3.848802512733526e-05,0.0,nan
172,72,5.453821012843653e-05,0.0,nan
172,73,0.033441088357091295,0.6875,nan
172,74,1.4807203181681018e-05,0.0,nan
172,75,7.011177075232007e-05,0.0,nan
172,76,3.9035048774928454e-05,0.0,nan
172,77,0.00024103308743521438,0.0,nan
172,78,7.007184611026006e-05,0.0,nan
172,79,9.220189874623385e-05,0.0,nan
172,80,4.817362505263945e-05,0.0,nan
172,81,6.834892383600996e-05,0.0,nan
172,82,5.3919248546568326e-05,0.0,nan
172,83,0.00015862048937983342,0.0,nan
172,84,4.119261342426258e-05,0.0,nan
172,85,7.077504747467541e-05,0.0,nan
172,86,6.850091156045007e-05,0.0,nan
172,87,8.93550559361124e-05,0.0,nan
172,88,0.00010938778407270997,0.0,nan
172,89,7.156498399870853e-05,0.0,nan
172,90,7.952404911289944e-05,0.0,nan
172,91,0.11911732152715566,0.9375,nan
172,92,3.3386828880958684e-05,0.0,nan
172,93,0.00012343930331267777,0.0,nan
172,94,8.103774772892244e-05,0.0,nan
172,95,5.369830770705545e-05,0.0,nan
172,96,6.793704057852471e-05,0.0,nan
172,97,0.03280978778636767,0.75,nan
172,98,4.730964875934242e-05,0.0,nan
172,99,1.5786570314477245e-05,0.0,nan
173,0,6.936266968598725e-05,0.0,nan
173,1,5.068173305949735e-05,0.0,nan
173,2,9.282644301387882e-05,0.0,nan
173,3,2.1133336377524202e-05,0.0,nan
173,4,8.348489746166125e-05,0.0,nan
173,5,0.051353697718255,0.9375,nan
173,6,4.447993443408463e-05,0.0,nan
173,7,0.00013366078873775153,0.0,nan
173,8,0.06546558280070333,1.0,nan
173,9,8.633121501221231e-05,0.0,nan
173,10,2.8679442274403662e-05,0.0,nan
173,11,6.72319476194965e-05,0.0,nan
173,12,0.00012935329216960298,0.0,nan
173,13,0.0005909998982246992,0.0,nan
173,14,0.030961660389089346,0.6875,nan
173,15,0.011494169270829893,0.1875,nan
173,16,0.016242472685642544,0.4375,nan
173,17,0.00035408287029425694,0.0,nan
173,18,4.266226598235907e-05,0.0,nan
173,19,2.0132570086490137e-05,0.0,nan
173,20,2.766211712687983e-05,0.0,nan
173,21,4.2257524937170784e-05,0.0,nan
173,22,8.090492466614921e-05,0.0,nan
173,23,4.969272693847491e-05,0.0,nan
173,24,8.773186310628916e-05,0.0,nan
173,25,0.0001635047912858582,0.0,nan
173,26,5.050280788911143e-05,0.0,nan
173,27,9.494653358283534e-05,0.0,nan
173,28,5.4981571307025967e-05,0.0,nan
173,29,9.169328092418942e-05,0.0,nan
173,30,6.240604900787817e-05,0.0,nan
173,31,0.00013601899721213856,0.0,nan
173,32,0.00013765261702808744,0.0,nan
173,33,3.142188906026823e-05,0.0,nan
173,34,6.146128858116405e-05,0.0,nan
173,35,0.00010836252776114765,0.0,nan
173,36,5.683495087725244e-05,0.0,nan
173,37,5.13432298960387e-05,0.0,nan
173,38,4.197173891467586e-05,0.0,nan
173,39,0.00010755299210285141,0.0,nan
173,40,0.0001191479504819727,0.0,nan
173,41,4.8625051000267157e-05,0.0,nan
173,42,0.0001097792149600524,0.0,nan
173,43,3.842271073379116e-05,0.0,nan
173,44,6.224423706972246e-05,0.0,nan
173,45,9.100729993478169e-05,0.0,nan
173,46,9.20698337981967e-05,0.0,nan
173,47,6.599712715426594e-05,0.0,nan
173,48,0.00010032504377434335,0.0,nan
173,49,6.538139976268291e-05,0.0,nan
173,50,0.0001700468886507599,0.0,nan
173,51,5.83366676010714e-05,0.0,nan
173,52,0.00013043230666028092,0.0,nan
173,53,7.733320393130984e-05,0.0,nan
173,54,8.836875031901248e-05,0.0,nan
173,55,3.5600629989025666e-05,0.0,nan
173,56,0.00022284296960559309,0.0,nan
173,57,0.0001584628798712219,0.0,nan
173,58,8.389226851246052e-05,0.0,nan
173,59,3.480254860016476e-05,0.0,nan
173,60,3.249845887412197e-05,0.0,nan
173,61,0.00012892363170322217,0.0,nan
173,62,0.0001979681281041107,0.0,nan
173,63,5.7867085990609334e-05,0.0,nan
173,64,3.1015793366624506e-05,0.0,nan
173,65,8.941764479352626e-05,0.0,nan
173,66,0.00018865332063699357,0.0,nan
173,67,5.838302365852608e-05,0.0,nan
173,68,0.00023944376783709728,0.0,nan
173,69,6.827886758998095e-05,0.0,nan
173,70,9.861768482968404e-05,0.0,nan
173,71,4.259948294622112e-05,0.0,nan
173,72,3.2391009413302205e-05,0.0,nan
173,73,0.1009255001488727,1.0,nan
173,74,0.00010610250467890358,0.0,nan
173,75,5.033125383754209e-05,0.0,nan
173,76,0.00016041192080333615,0.0,nan
173,77,7.161441734615602e-05,0.0,nan
173,78,6.513334835944544e-05,0.0,nan
173,79,0.00013206183807695562,0.0,nan
173,80,7.033039321161983e-05,0.0,nan
173,81,7.419208734520008e-05,0.0,nan
173,82,4.919020253533991e-05,0.0,nan
173,83,5.1004185906979815e-05,0.0,nan
173,84,9.507334090899956e-05,0.0,nan
173,85,8.031481845115217e-05,0.0,nan
173,86,0.00011373820917985519,0.0,nan
173,87,0.00014266755182839577,0.0,nan
173,88,0.00018885985423226076,0.0,nan
173,89,0.00010125337355752081,0.0,nan
173,90,8.609097348809229e-05,0.0,nan
173,91,6.576442050088796e-05,0.0,nan
173,92,3.652198384257761e-05,0.0,nan
173,93,6.050527682885921e-05,0.0,nan
173,94,3.2099052772271896e-05,0.0,nan
173,95,8.728947542374665e-05,0.0,nan
173,96,7.950002163129958e-05,0.0,nan
173,97,0.00027040132191664945,0.0,nan
173,98,0.0001628445818082902,0.0,nan
173,99,0.0001750075921582251,0.0,nan
174,0,3.1466503315860107e-05,0.0,nan
174,1,7.077671947159779e-05,0.0,nan
174,2,0.00011807927311627687,0.0,nan
174,3,8.966272688432845e-05,0.0,nan
174,4,9.116152877748987e-05,0.0,nan
174,5,0.07330331866704012,0.9375,nan
174,6,4.07184770138285e-05,0.0,nan
174,7,4.6586844363153754e-05,0.0,nan
174,8,0.0550682557336978,1.0,nan
174,9,8.234719924476742e-05,0.0,nan
174,10,6.244648342543016e-05,0.0,nan
174,11,5.189512655509506e-05,0.0,nan
174,12,8.277277547371026e-05,0.0,nan
174,13,8.318510316157997e-05,0.0,nan
174,14,0.03215159619439538,0.8125,nan
174,15,0.00012892198172402637,0.0625,nan
174,16,0.015168905650733207,0.3125,nan
174,17,8.438998818639596e-05,0.0,nan
174,18,3.14973682063915e-05,0.0,nan
174,19,8.656888828145047e-05,0.0,nan
174,20,2.9213509166509854e-05,0.0,nan
174,21,7.366104526727296e-05,0.0,nan
174,22,5.402393792670596e-05,0.0,nan
174,23,7.024919106807497e-05,0.0,nan
174,24,0.00011237474008898091,0.0,nan
174,25,6.666388628622503e-05,0.0,nan
174,26,4.889756092478408e-05,0.0,nan
174,27,7.186623462610272e-05,0.0,nan
174,28,3.9148546753143816e-05,0.0,nan
174,29,4.2255520087860685e-05,0.0,nan
174,30,7.554976284970756e-05,0.0,nan
174,31,1.2700319314240776e-05,0.0,nan
174,32,0.00015723629653639407,0.0,nan
174,33,6.275289350311447e-05,0.0,nan
174,34,6.050542042515303e-05,0.0,nan
174,35,4.4304880159622493e-05,0.0,nan
174,36,6.301785576495622e-05,0.0,nan
174,37,2.8404574039202438e-05,0.0,nan
174,38,5.825855390569331e-05,0.0,nan
174,39,0.00010586346744811029,0.0,nan
174,40,6.956866742025815e-05,0.0,nan
174,41,8.629086234044584e-05,0.0,nan
174,42,0.00016169262959224613,0.0,nan
174,43,6.404758281800557e-05,0.0,nan
174,44,2.6299438456157713e-05,0.0,nan
174,45,1.1870850133448518e-05,0.0,nan
174,46,1.8019473092876355e-05,0.0,nan
174,47,8.154244035519998e-05,0.0,nan
174,48,5.965187577957714e-05,0.0,nan
174,49,4.3171130223478184e-05,0.0,nan
174,50,0.00012121143971457072,0.0,nan
174,51,9.673504931989494e-05,0.0,nan
174,52,7.660522762250547e-05,0.0,nan
174,53,0.000188216726319041,0.0,nan
174,54,7.609551652029367e-05,0.0,nan
174,55,9.775006106739026e-05,0.0,nan
174,56,0.00011912274494475355,0.0,nan
174,57,8.730154446531495e-05,0.0,nan
174,58,5.648701082223429e-05,0.0,nan
174,59,8.38939325774115e-05,0.0,nan
174,60,5.0428674871285706e-05,0.0,nan
174,61,9.29943575475663e-05,0.0,nan
174,62,3.5345524673923904e-05,0.0,nan
174,63,0.00011523554360044641,0.0,nan
174,64,0.00020667372296245525,0.0,nan
174,65,0.0001545858041395304,0.0,nan
174,66,0.00011327255083542996,0.0,nan
174,67,0.00018586799512251135,0.0,nan
174,68,0.00010985503551707001,0.0,nan
174,69,6.24928558778225e-05,0.0,nan
174,70,2.6972801325760784e-05,0.0,nan
174,71,1.838774255001445e-05,0.0,nan
174,72,3.527876949907261e-05,0.0,nan
174,73,0.05250887350237985,0.8125,nan
174,74,0.0001557563471837252,0.0,nan
174,75,8.03924751320921e-05,0.0,nan
174,76,0.00010944186285013948,0.0,nan
174,77,6.588371058811242e-05,0.0,nan
174,78,4.903257766082163e-05,0.0,nan
174,79,6.78288960610469e-05,0.0,nan
174,80,4.68392371998231e-05,0.0,nan
174,81,3.850005542363251e-05,0.0,nan
174,82,5.577196465056536e-05,0.0,nan
174,83,6.752489559397401e-05,0.0,nan
174,84,6.13748288043529e-05,0.0,nan
174,85,0.00011459853423239068,0.0,nan
174,86,7.436969020488193e-05,0.0,nan
174,87,2.9292108889304166e-05,0.0,nan
174,88,3.239926784045554e-05,0.0,nan
174,89,0.00018830663193580434,0.0,nan
174,90,0.00020149528227040642,0.0,nan
174,91,3.830938075875454e-05,0.0,nan
174,92,0.00011743143150088595,0.0,nan
174,93,1.2151936207682951e-05,0.0,nan
174,94,3.275325821974343e-05,0.0,nan
174,95,0.00010105430149417365,0.0,nan
174,96,4.450342479279368e-05,0.0,nan
174,97,0.01423179784090377,0.375,nan
174,98,7.861015393962643e-05,0.0,nan
174,99,0.00024807143131610397,0.0,nan
175,0,6.0871168802598304e-05,0.0,1.8572364950016948e-05
175,1,3.95645740124453e-05,0.0,2.1104582695686722e-05
175,2,0.00010242990038709967,0.0,5.431234306397637e-05
175,3,9.765693075700078e-05,0.0,3.6141832099303975e-05
175,4,3.8790978728550787e-05,0.0,1.570398621016634e-05
175,5,0.03661117927950794,1.0,0.2664182501992797
175,6,4.901635378299443e-05,0.0,2.169324488079179e-05
175,7,4.718805472621333e-05,0.0,6.841209237791982e-06
175,8,0.08419933287539999,1.0,0.2415542340569986
175,9,1.2040514084850048e-05,0.0,1.9765723177636795e-07
175,10,6.23281340544895e-05,0.0,8.105910404871087e-06
175,11,8.461613475979048e-05,0.0,0.00012911917311253428
175,12,5.255701009032547e-05,0.0,1.0400617104120263e-05
175,13,0.00023699260522423566,0.0,0.0011636345837550206
175,14,0.012919897652931542,0.3125,0.13737334420501185
175,15,0.11186674169251479,0.875,0.2921747503858661
175,16,0.01482352073501389,0.3125,0.019538113631362434
175,17,1.8722512478578533e-05,0.0,2.4872248472518027e-06
175,18,0.00011244808166054065,0.0,1.1919732045708145e-05
175,19,2.3602194844073776e-05,0.0,8.79929592219569e-06
175,20,6.51397968538912e-05,0.0,1.6616916072304839e-06
175,21,2.120850369206296e-05,0.0,6.852412693195577e-08
175,22,0.00013354718457008505,0.0,0.0005072420796672895
175,23,0.00010239930201256023,0.0,2.4529631263877825e-05
175,24,0.00021650692322585708,0.0,0.0003784129750904375
175,25,2.4913342174372292e-05,0.0,1.3085263077890338e-05
175,26,9.30735643271036e-05,0.0,2.9314227822067334e-05
175,27,0.00013062121837041513,0.0,1.1358650425819392e-05
175,28,2.4789862891166824e-05,0.0,2.3478966364899858e-06
175,29,1.7250666520068063e-05,0.0,1.3485359591322847e-06
175,30,1.1788641856854904e-05,0.0,1.388603849769171e-06
175,31,3.988391561961329e-05,0.0,1.6974823998297448e-05
175,32,7.767377873874057e-05,0.0,6.201953413732801e-05
175,33,0.00010644808352884604,0.0,3.595985243075496e-05
175,34,4.304899297591578e-05,0.0,2.0158169307170974e-05
175,35,6.361129551401709e-05,0.0,6.568986837460829e-06
175,36,0.0001446368406704686,0.0,2.623306839240074e-05
175,37,2.163969032885464e-05,0.0,9.997351144703747e-06
175,38,0.00010787297458220697,0.0,9.386444338103446e-05
175,39,7.098767424788637e-05,0.0,2.9075642580485826e-05
175,40,5.816077672305266e-05,0.0,3.0131555917691007e-05
175,41,7.995636455316769e-05,0.0,3.6425811719027678e-06
175,42,8.133617387164424e-05,0.0,2.2121631845578764e-05
175,43,4.71132972590212e-05,0.0,2.31501409819793e-05
175,44,0.00011848303550212547,0.0,2.7416648088589193e-05
175,45,0.00017746069263066137,0.0,9.189162087461721e-05
175,46,8.249670369990894e-05,0.0,1.0684573133417582e-06
175,47,8.622724089257076e-05,0.0,2.184840683820579e-05
175,48,5.438932888058589e-05,0.0,3.540152113370769e-05
175,49,0.00020871128857565275,0.0,5.4751271609382986e-05
175,50,0.00011386255534309077,0.0,0.00010269054992120477
175,51,0.0001004428191510902,0.0,8.791322591792072e-05
175,52,0.00010536391519416848,0.0,3.755616510443838e-05
175,53,0.00011893949761113744,0.0,0.00011386238634814392
175,54,6.571222376717238e-05,0.0,4.141610986447867e-05
175,55,0.0001977753609748357,0.0,0.0002192361721911326
175,56,2.5406885471872922e-05,0.0,5.6154191020718865e-06
175,57,0.0001255787541859781,0.0,4.527379463284848e-05
175,58,8.435979193488099e-05,0.0,4.554189680311949e-06
175,59,0.00014540630029540486,0.0,1.1010727206864226e-05
175,60,4.429566526057545e-05,0.0,1.955722066522604e-05
175,61,0.0001771682439858296,0.0,0.00011860359643453773
175,62,3.475204326931981e-05,0.0,2.785407762691959e-05
175,63,9.566053039067603e-05,0.0,2.915479825261181e-05
175,64,0.0009209220690181666,0.0,0.0005846475795308298
175,65,0.00012568771356016623,0.0,0.00025165626259542295
175,66,4.500727668025042e-05,0.0,2.3186421614768093e-05
175,67,9.943895661933817e-05,0.0,6.808084835599736e-05
175,68,9.332266369530817e-05,0.0,0.00034833813185326335
175,69,3.579396374732967e-05,0.0,9.649972118409064e-08
175,70,5.7547397282725675e-05,0.0,4.793290994192934e-06
175,71,4.580937472940355e-05,0.0,6.8891049157858585e-06
175,72,4.4335974870621906e-05,0.0,2.6834084809509182e-05
175,73,0.007316974040894891,0.375,0.03644308748288558
175,74,3.212662104947497e-05,0.0,1.5201245144718363e-05
175,75,0.00015395664802514045,0.0,9.01389588452862e-06
175,76,6.755512971865984e-05,0.0,5.2033130507829785e-05
175,77,4.427961587757351e-05,0.0,6.202318752127284e-05
175,78,0.00013036786225117036,0.0,2.46139328781889e-05
175,79,5.13689729500893e-05,0.0,7.352926627078941e-05
175,80,1.8450771612584457e-05,0.0,5.435613218493076e-06
175,81,4.1306345969378635e-05,0.0,3.275584673786899e-05
175,82,0.0001813164213148934,0.0,0.00013755868641238779
175,83,0.0001001550929645734,0.0,3.2840686735567166e-05
175,84,7.467957588220112e-05,0.0,2.3936011384139724e-05
175,85,2.7569868623314308e-05,0.0,1.3181271460796993e-05
175,86,0.00014420968065899316,0.0,9.291825135967227e-05
175,87,0.00010596902334063032,0.0,0.00013276189832167455
175,88,4.2283968935997424e-05,0.0,2.5079112353476545e-06
175,89,0.0001153655219079677,0.0,0.0002199738874766266
175,90,6.392302468454391e-05,0.0,5.8679724858370164e-05
175,91,6.116333223830921e-05,0.0,2.786722714461798e-05
175,92,3.767898552479785e-05,0.0,1.0267041971264746e-05
175,93,4.0302067576853904e-05,0.0,1.7852821665382307e-05
175,94,6.706299886587957e-05,0.0,4.4754678720428146e-05
175,95,6.223537339835052e-05,0.0,4.2443939831678844e-05
175,96,3.24793068582187e-05,0.0,1.3219479961383015e-05
175,97,0.00010050739502559453,0.0,2.599898412900802e-05
175,98,8.600849866142508e-05,0.0,5.1076622088618727e-05
175,99,8.175299007273835e-05,0.0,4.88659326251795e-06
176,0,3.845354457687715e-05,0.0,nan
176,1,4.808904103121447e-05,0.0,nan
176,2,6.423439658772752e-05,0.0,nan
176,3,6.892731284955431e-05,0.0,nan
176,4,8.45365053783335e-05,0.0,nan
176,5,5.631100060833372e-05,0.0,nan
176,6,9.785152649891281e-05,0.0,nan
176,7,0.00010311305294479999,0.0,nan
176,8,0.07741005310050852,1.0,nan
176,9,5.1456391719903235e-05,0.0,nan
176,10,5.7010545153053516e-05,0.0,nan
176,11,0.0002043529281044882,0.0,nan
176,12,0.00010695436040532193,0.0,nan
176,13,8.071761501804301e-05,0.0,nan
176,14,0.05295965509589132,0.8125,nan
176,15,8.100016582861239e-05,0.0,nan
176,16,0.0118034253202477,0.125,nan
176,17,0.00012926150506223548,0.0,nan
176,18,5.651781041723947e-05,0.0,nan
176,19,5.5957378848718164e-05,0.0,nan
176,20,6.90169305421894e-05,0.0,nan
176,21,4.46364611893056e-05,0.0,nan
176,22,7.167512801235086e-05,0.0,nan
176,23,4.7887597574837484e-05,0.0,nan
176,24,5.4448528507897146e-05,0.0,nan
176,25,4.0209182951933646e-05,0.0,nan
176,26,5.139844279195154e-05,0.0,nan
176,27,4.558564940588374e-05,0.0,nan
176,28,1.6863484682925337e-05,0.0,nan
176,29,0.0001239473921195685,0.0,nan
176,30,0.0001121537740238621,0.0,nan
176,31,6.862203543065949e-05,0.0,nan
176,32,5.4789324270436796e-05,0.0,nan
176,33,1.7123054382594834e-05,0.0,nan
176,34,4.205006190514863e-05,0.0,nan
176,35,9.360745824782475e-05,0.0,nan
176,36,7.836343003080886e-05,0.0,nan
176,37,2.9297943191239244e-05,0.0,nan
176,38,6.436292966462788e-05,0.0,nan
176,39,4.7965166740607e-05,0.0,nan
176,40,7.449766671959139e-05,0.0,nan
176,41,4.499852997064815e-05,0.0,nan
176,42,0.00030325528551827693,0.0,nan
176,43,9.767367150193839e-05,0.0,nan
176,44,0.00017177079017680205,0.0,nan
176,45,0.012690755151321117,0.375,nan
176,46,9.545665562475689e-05,0.0,nan
176,47,2.5173565581731562e-05,0.0,nan
176,48,6.427240533241005e-05,0.0,nan
176,49,6.0802666185268555e-05,0.0,nan
176,50,3.794624278978174e-05,0.0,nan
176,51,0.00011480626731775005,0.0,nan
176,52,0.00014372513077266,0.0,nan
176,53,4.983048837509111e-05,0.0,nan
176,54,3.4749055680435335e-05,0.0,nan
176,55,0.00014243077247549116,0.0,nan
176,56,5.666199409760772e-05,0.0,nan
176,57,6.368304121906808e-05,0.0,nan
176,58,5.359721022268183e-05,0.0,nan
176,59,5.361365192228708e-05,0.0,nan
176,60,3.9013163101779994e-05,0.0,nan
176,61,6.808916727132051e-05,0.0,nan
176,62,3.9149545144000986e-05,0.0,nan
176,63,8.46255120976102e-05,0.0,nan
176,64,7.527389177990816e-05,0.0,nan
176,65,0.00012280988869625475,0.0,nan
176,66,9.731006219496215e-05,0.0,nan
176,67,3.935391003261243e-05,0.0,nan
176,68,0.0002350753600643514,0.0,nan
176,69,2.1847303426717857e-05,0.0,nan
176,70,2.522894594711703e-05,0.0,nan
176,71,4.5307424088491394e-05,0.0,nan
176,72,8.986764615722313e-05,0.0,nan
176,73,0.10433268822310933,0.9375,nan
176,74,6.478000708196442e-05,0.0,nan
176,75,8.811350233499129e-05,0.0,nan
176,76,5.410803434387953e-05,0.0,nan
176,77,0.00022026374433456718,0.0,nan
176,78,0.0003318419319474927,0.0,nan
176,79,0.00011668513469629326,0.0,nan
176,80,5.702810489244619e-05,0.0,nan
176,81,4.5719622521656254e-05,0.0,nan
176,82,3.7370193488138126e-05,0.0,nan
176,83,6.10850626292733e-05,0.0,nan
176,84,4.528180634479496e-05,0.0,nan
176,85,4.994717158753181e-05,0.0,nan
176,86,5.5884207165448874e-05,0.0,nan
176,87,0.00022158409995826732,0.0,nan
176,88,0.00014631998769895478,0.0,nan
176,89,3.605917518218135e-05,0.0,nan
176,90,9.797100955249537e-05,0.0,nan
176,91,6.0494174813847026e-05,0.0,nan
176,92,0.000510651899910953,0.0,nan
176,93,0.00010909181482424467,0.0,nan
176,94,0.0001216857920362246,0.0,nan
176,95,8.361935412011875e-05,0.0,nan
176,96,3.6392319589393916e-05,0.0,nan
176,97,0.06496249483650568,0.9375,nan
176,98,4.829294633883291e-05,0.0,nan
176,99,5.5632755968950096e-05,0.0,nan
177,0,3.41013302647961e-05,0.0,nan
177,1,0.00019701427051683156,0.0,nan
177,2,0.0001094781125691381,0.0,nan
177,3,3.418411072853236e-05,0.0,nan
177,4,4.9846724284798366e-05,0.0,nan
177,5,0.06405913875789986,0.8125,nan
177,6,5.297975259676723e-05,0.0,nan
177,7,6.040998694959938e-05,0.0,nan
177,8,0.06671479142173814,1.0,nan
177,9,2.5258248905416766e-05,0.0,nan
177,10,7.622162536661932e-05,0.0,nan
177,11,3.404571869112764e-05,0.0,nan
177,12,0.00015754048746399488,0.0,nan
177,13,0.00022746943798411477,0.0,nan
177,14,0.043540618777881505,0.75,nan
177,15,4.853669155754457e-05,0.0,nan
177,16,0.011336190263831203,0.1875,nan
177,17,0.00011136271013818951,0.0,nan
177,18,3.0457626223758656e-05,0.0,nan
177,19,6.507936962922212e-05,0.0,nan
177,20,4.232963694721872e-05,0.0,nan
177,21,7.90445245300329e-06,0.0,nan
177,22,8.965813256082573e-05,0.0,nan
177,23,0.0002999462467478196,0.0,nan
177,24,9.280816602035337e-05,0.0,nan
177,25,0.00021830048936093268,0.0,nan
177,26,7.219492672051887e-05,0.0,nan
177,27,1.4491693105696528e-05,0.0,nan
177,28,1.9090985310854013e-05,0.0,nan
177,29,4.8490196154043724e-05,0.0,nan
177,30,5.705200614423506e-05,0.0,nan
177,31,0.00011270370140286024,0.0,nan
177,32,0.00013093584779867197,0.0,nan
177,33,0.00010710658256080343,0.0,nan
177,34,8.892616640207e-05,0.0,nan
177,35,2.8039832757089584e-05,0.0,nan
177,36,5.674643314784282e-05,0.0,nan
177,37,2.4667210442616064e-05,0.0,nan
177,38,6.202794884703181e-05,0.0,nan
177,39,3.684805202062652e-05,0.0,nan
177,40,2.5490782999173564e-05,0.0,nan
177,41,5.3966449917703975e-05,0.0,nan
177,42,0.00026733673329164953,0.0,nan
177,43,0.0002754737330590368,0.0,nan
177,44,6.129957233790744e-05,0.0,nan
177,45,5.9728648536896354e-05,0.0,nan
177,46,5.4341260258640363e-05,0.0,nan
177,47,4.821618276033718e-05,0.0,nan
177,48,9.534847947088399e-05,0.0,nan
177,49,0.0001065763787016405,0.0,nan
177,50,4.06802376952907e-05,0.0,nan
177,51,4.153330498032184e-05,0.0,nan
177,52,0.00017637564624226323,0.0,nan
177,53,9.105647660034418e-05,0.0,nan
177,54,2.6531955112425416e-05,0.0,nan
177,55,0.0001017059089095369,0.0,nan
177,56,8.924058102779778e-05,0.0,nan
177,57,5.6359518508121185e-05,0.0,nan
177,58,0.00010637811511900332,0.0,nan
177,59,1.7575746058157798e-05,0.0,nan
177,60,6.710614708386706e-05,0.0,nan
177,61,0.0001540818568462021,0.0,nan
177,62,4.5928408331644936e-05,0.0,nan
177,63,8.036916688366669e-05,0.0625,nan
177,64,0.00011514897531872769,0.0,nan
177,65,0.00032025948409152146,0.0625,nan
177,66,5.2053792750077834e-05,0.0,nan
177,67,4.641393229063185e-05,0.0,nan
177,68,1.8881936399456562e-05,0.0,nan
177,69,3.667571329624052e-05,0.0,nan
177,70,7.470225229788699e-05,0.0,nan
177,71,9.88135382785947e-05,0.0,nan
177,72,9.039642781637179e-05,0.0,nan
177,73,0.03038489975728941,0.625,nan
177,74,2.2757646929177877e-05,0.0,nan
177,75,1.591354173147515e-05,0.0,nan
177,76,4.5631503001583796e-05,0.0,nan
177,77,0.0002925108695563032,0.0,nan
177,78,0.00011069358912987659,0.0,nan
177,79,9.926373963504467e-05,0.0,nan
177,80,7.973580104925999e-05,0.0,nan
177,81,6.502766159117007e-05,0.0,nan
177,82,0.00033292781261541604,0.0,nan
177,83,0.00018418631209925066,0.0,nan
177,84,8.578999881444187e-05,0.0,nan
177,85,2.0372761986218688e-05,0.0,nan
177,86,8.017108608317726e-05,0.0,nan
177,87,0.0002579708467568612,0.0,nan
177,88,4.6619113121796275e-05,0.0,nan
177,89,5.230381807824739e-05,0.0,nan
177,90,3.289463166787118e-05,0.0,nan
177,91,0.00015875814171336972,0.125,nan
177,92,0.00017795020385415,0.0,nan
177,93,9.51530782682109e-05,0.0,nan
177,94,9.59083703797648e-05,0.0,nan
177,95,2.9260827441733245e-05,0.0,nan
177,96,9.26145607542989e-05,0.0,nan
177,97,0.038296759238628485,0.6875,nan
177,98,0.00013079298324111287,0.0,nan
177,99,6.697717552475203e-05,0.0,nan
178,0,0.00024321628183681212,0.0,nan
178,1,0.00014808742807360568,0.0,nan
178,2,2.8801773965598653e-05,0.0,nan
178,3,0.0001705640022774535,0.0,nan
178,4,4.959186280423234e-05,0.0,nan
178,5,0.05940589816596256,0.875,nan
178,6,6.377875832922469e-05,0.0,nan
178,7,4.318928059980211e-05,0.0,nan
178,8,0.06468664041542656,1.0,nan
178,9,9.19901751286717e-05,0.0,nan
178,10,7.886894196319546e-05,0.0,nan
178,11,3.747580582164516e-05,0.0,nan
178,12,1.7709564865721996e-05,0.0,nan
178,13,0.00011225528824790268,0.0,nan
178,14,0.02585311804252288,0.5625,nan
178,15,0.00014348936696795156,0.0,nan
178,16,0.012512541930153748,0.1875,nan
178,17,0.00011476992831542556,0.0,nan
178,18,3.99143897103192e-05,0.0,nan
178,19,5.886167913971017e-05,0.0,nan
178,20,5.474599862060619e-05,0.0,nan
178,21,4.126569206962619e-05,0.0,nan
178,22,5.18278107032126e-05,0.0,nan
178,23,8.612835845248277e-05,0.0,nan
178,24,4.483970612295302e-05,0.0,nan
178,25,4.97721407249794e-05,0.0,nan
178,26,4.746093145686369e-05,0.0,nan
178,27,2.167068747469447e-05,0.0,nan
178,28,6.421581190349183e-05,0.0,nan
178,29,4.3617437068143226e-05,0.0,nan
178,30,8.46407544471672e-05,0.0,nan
178,31,4.326722086703093e-05,0.0,nan
178,32,0.0001363176329550034,0.0,nan
178,33,8.337196234003817e-05,0.0,nan
178,34,7.298248085720101e-05,0.0,nan
178,35,0.00010342589183622808,0.0,nan
178,36,9.772856561913924e-05,0.0,nan
178,37,3.305664594276793e-05,0.0,nan
178,38,6.627653562981921e-05,0.0,nan
178,39,0.00010618388303132887,0.0,nan
178,40,7.790386840087248e-05,0.0,nan
178,41,0.00013422032750078083,0.0,nan
178,42,7.479561198649962e-05,0.0,nan
178,43,6.459713313392839e-05,0.0,nan
178,44,7.806612201588366e-05,0.0,nan
178,45,0.00015475160042892236,0.0,nan
178,46,9.773745575470427e-05,0.0,nan
178,47,9.536782895981402e-05,0.0,nan
178,48,6.626392622576554e-05,0.0,nan
178,49,6.411081786204352e-05,0.0,nan
178,50,8.616644235257287e-05,0.0,nan
178,51,8.334662476779364e-05,0.0,nan
178,52,8.833086379989232e-05,0.0,nan
178,53,0.00018130752217613525,0.0,nan
178,54,1.2614476089640032e-05,0.0,nan
178,55,0.00017346412701822403,0.0,nan
178,56,3.06542888004742e-05,0.0,nan
178,57,7.404144721319479e-05,0.0,nan
178,58,4.4941692892036826e-05,0.0,nan
178,59,5.127784449194401e-05,0.0,nan
178,60,7.116657491930986e-05,0.0,nan
178,61,0.000122720605322666,0.0,nan
178,62,0.0002263713985140162,0.0,nan
178,63,3.744255215102058e-05,0.0,nan
178,64,6.360417529605912e-05,0.0,nan
178,65,0.00014143407894758161,0.0,nan
178,66,5.6510447120396445e-05,0.0,nan
178,67,6.61833099492468e-05,0.0,nan
178,68,0.00024022854823851588,0.0,nan
178,69,4.429672492990422e-05,0.0,nan
178,70,8.262244127052873e-05,0.0,nan
178,71,3.7268450380439496e-05,0.0,nan
178,72,0.00012675482033225246,0.0,nan
178,73,0.04752463921146274,0.75,nan
178,74,3.3957822862678766e-05,0.0,nan
178,75,6.21610700752752e-05,0.0,nan
178,76,2.3713411797194077e-05,0.0,nan
178,77,8.934795707709612e-05,0.0,nan
178,78,9.199220857791148e-05,0.0,nan
178,79,6.019617946739157e-05,0.0,nan
178,80,2.972466259786608e-05,0.0,nan
178,81,3.522688058591688e-05,0.0,nan
178,82,9.974776121661994e-05,0.0,nan
178,83,0.00010184236116096748,0.0,nan
178,84,8.004949733944764e-05,0.0,nan
178,85,0.00011852438436483898,0.0,nan
178,86,5.8359726929398445e-05,0.0,nan
178,87,0.00010760578550315189,0.0,nan
178,88,0.00012111335402499533,0.0,nan
178,89,8.944525287816831e-05,0.0,nan
178,90,9.1856617850875e-05,0.0,nan
178,91,8.4644714452763e-05,0.0,nan
178,92,0.000112892973572206,0.0,nan
178,93,7.700389156604077e-05,0.0,nan
178,94,9.083329302342146e-05,0.0,nan
178,95,0.00015427369317003064,0.0,nan
178,96,5.5062866478236426e-05,0.0,nan
178,97,0.021824503215614854,0.5625,nan
178,98,7.467084545430765e-05,0.0,nan
178,99,6.162074490951438e-05,0.0,nan
179,0,2.471542277499409e-05,0.0,nan
179,1,0.0002056831573779362,0.0,nan
179,2,4.3888362714329096e-05,0.0,nan
179,3,5.05096306800909e-05,0.0,nan
179,4,5.1349263225221865e-05,0.0,nan
179,5,0.019828791940950552,0.5,nan
179,6,0.00011622240882070239,0.0,nan
179,7,6.324134058164816e-05,0.0,nan
179,8,0.06734889002880542,0.9375,nan
179,9,4.610210317356002e-05,0.0,nan
179,10,6.566012234794237e-05,0.0,nan
179,11,9.614337817780827e-05,0.0,nan
179,12,5.7847235962232545e-05,0.0,nan
179,13,9.71042527349329e-05,0.0,nan
179,14,0.020529380044236125,0.5,nan
179,15,0.00010311181481710284,0.0,nan
179,16,0.010177195973898628,0.0625,nan
179,17,3.384535304775804e-05,0.0,nan
179,18,3.13507864173398e-05,0.0,nan
179,19,2.0116006748826367e-05,0.0,nan
179,20,1.2437235270826741e-05,0.0,nan
179,21,3.436125640818974e-05,0.0,nan
179,22,8.60626514613895e-05,0.0,nan
179,23,0.00011703762299125137,0.0,nan
179,24,6.567999923575296e-05,0.0,nan
179,25,0.0001287944989236043,0.0,nan
179,26,5.0295371486980235e-05,0.0,nan
179,27,4.397969095058892e-05,0.0,nan
179,28,7.128194436558692e-05,0.0,nan
179,29,6.0507793021885486e-05,0.0,nan
179,30,3.96596702853031e-05,0.0,nan
179,31,5.6860746110532435e-05,0.0,nan
179,32,0.0004801009988553673,0.0,nan
179,33,5.016502251719299e-05,0.0,nan
179,34,9.567508126602343e-05,0.0,nan
179,35,5.3144416462429265e-05,0.0,nan
179,36,7.906898862007195e-05,0.0,nan
179,37,6.12851545323271e-05,0.0,nan
179,38,8.520894627496458e-05,0.0,nan
179,39,3.430709204855729e-05,0.0,nan
179,40,5.183639837556692e-05,0.0,nan
179,41,6.585393271851938e-05,0.0,nan
179,42,0.00012031063870954995,0.0,nan
179,43,7.43743801414275e-05,0.0,nan
179,44,5.863649705255149e-05,0.0,nan
179,45,0.00010242333132502948,0.0,nan
179,46,7.075218554578947e-05,0.0,nan
179,47,6.993995982918505e-05,0.0,nan
179,48,3.7258502215637324e-05,0.0,nan
179,49,5.1196567114419284e-05,0.0,nan
179,50,3.355660015124814e-05,0.0,nan
179,51,7.13430327327903e-05,0.0,nan
179,52,0.0002749505310529726,0.0,nan
179,53,6.914567526393177e-05,0.0,nan
179,54,4.310935342817145e-05,0.0,nan
179,55,4.002902149662255e-05,0.0,nan
179,56,0.00024384506457099226,0.0,nan
179,57,5.415050063282861e-05,0.0,nan
179,58,4.22156680229579e-05,0.0,nan
179,59,5.5139411060828674e-05,0.0,nan
179,60,3.1717237376204794e-05,0.0,nan
179,61,5.610643026751905e-05,0.0,nan
179,62,0.000359140634293521,0.0625,nan
179,63,0.00010102039958690356,0.0,nan
179,64,2.5303772466356852e-05,0.0,nan
179,65,0.00011080163257972758,0.0,nan
179,66,7.906050437154642e-05,0.0,nan
179,67,6.105065588026411e-05,0.0,nan
179,68,0.00012058967076422495,0.0,nan
179,69,4.223667222242506e-05,0.0,nan
179,70,2.9893661743137392e-05,0.0,nan
179,71,5.654144155137796e-05,0.0,nan
179,72,4.465034104136697e-05,0.0,nan
179,73,0.04194923716282299,0.6875,nan
179,74,4.7772531711506885e-05,0.0,nan
179,75,9.976301891860004e-05,0.0,nan
179,76,5.780974687965459e-05,0.0,nan
179,77,0.00012965970405787392,0.0,nan
179,78,5.199996366107963e-05,0.0,nan
179,79,0.00012047638235584271,0.0,nan
179,80,7.256753074111166e-05,0.0,nan
179,81,5.684491690660373e-05,0.0,nan
179,82,0.00014427320575749223,0.0,nan
179,83,5.3372619001759304e-05,0.0,nan
179,84,9.78559028325223e-05,0.0,nan
179,85,7.926227107715374e-05,0.0,nan
179,86,9.810587248217376e-05,0.0,nan
179,87,8.676044291177352e-05,0.0,nan
179,88,5.74954178089051e-05,0.0,nan
179,89,7.740061007385103e-05,0.0,nan
179,90,2.3348550388431995e-05,0.0,nan
179,91,0.019986856464512315,0.5,nan
179,92,4.8005586006121665e-05,0.0,nan
179,93,0.00021177710168772913,0.0,nan
179,94,8.87617885761575e-05,0.0,nan
179,95,0.0001339440618343112,0.0,nan
179,96,4.068726907355322e-05,0.0,nan
179,97,0.028948876396211753,0.75,nan
179,98,5.3151281031537634e-05,0.0,nan
179,99,0.00015675053604205134,0.0,nan
180,0,3.548334563681619e-05,0.0,nan
180,1,0.00010383751654162752,0.0,nan
180,2,4.496584324829534e-05,0.0,nan
180,3,3.206022955073788e-05,0.0,nan
180,4,6.77479580758381e-05,0.0,nan
180,5,0.06580871828139913,0.9375,nan
180,6,3.251102973037057e-05,0.0,nan
180,7,5.393518050760893e-05,0.0,nan
180,8,0.06662352858959886,1.0,nan
180,9,5.162697421520056e-05,0.0,nan
180,10,3.653813481300715e-05,0.0,nan
180,11,2.7115713166218768e-05,0.0,nan
180,12,7.180128291476678e-05,0.0,nan
180,13,0.00020449764184075867,0.0,nan
180,14,0.018726140715776326,0.4375,nan
180,15,0.00010700348038101282,0.0,nan
180,16,0.01582916041919242,0.1875,nan
180,17,6.790557975570812e-05,0.0,nan
180,18,2.3666842961789808e-05,0.0,nan
180,19,5.423112024292299e-06,0.0,nan
180,20,0.00011348649558833861,0.0,nan
180,21,3.323462145270307e-05,0.0,nan
180,22,4.102415401083205e-05,0.0,nan
180,23,4.931855815991143e-05,0.0,nan
180,24,6.972849343332124e-05,0.0,nan
180,25,8.363797534979313e-05,0.0,nan
180,26,4.9528454800642124e-05,0.0,nan
180,27,6.07589581189579e-05,0.0,nan
180,28,2.9691600119456266e-05,0.0,nan
180,29,0.0001307767468893654,0.0,nan
180,30,8.384886001537407e-05,0.0,nan
180,31,1.3001272614733334e-05,0.0,nan
180,32,1.755277723539894e-05,0.0,nan
180,33,5.2515202964200386e-05,0.0,nan
180,34,3.1571437874469586e-05,0.0,nan
180,35,5.0032988452251085e-05,0.0,nan
180,36,3.9212969993415156e-05,0.0,nan
180,37,4.80548878609872e-05,0.0,nan
180,38,7.453703798356327e-05,0.0,nan
180,39,1.5343339318227814e-05,0.0,nan
180,40,4.633716991359837e-05,0.0,nan
180,41,1.589800248631303e-05,0.0,nan
180,42,3.9090797571386356e-05,0.0,nan
180,43,1.1377400012424525e-05,0.0,nan
180,44,8.617453404905273e-05,0.0,nan
180,45,4.4181510920014456e-05,0.0,nan
180,46,4.9908081626481714e-05,0.0,nan
180,47,5.0345643485232296e-05,0.0,nan
180,48,0.00014474773000829378,0.0,nan
180,49,6.800211172034647e-05,0.0,nan
180,50,3.7415407004751875e-05,0.0,nan
180,51,3.138449995854585e-05,0.0,nan
180,52,9.12906030347855e-05,0.0,nan
180,53,3.372076765150226e-05,0.0,nan
180,54,3.280574304854445e-05,0.0,nan
180,55,4.689529240874947e-05,0.0,nan
180,56,3.635867387710838e-05,0.0,nan
180,57,3.967726098277317e-05,0.0,nan
180,58,1.8126723159879935e-05,0.0,nan
180,59,5.5145522596262e-05,0.0,nan
180,60,1.3898304580894827e-05,0.0,nan
180,61,0.00011500746943209585,0.0,nan
180,62,5.7154025876950954e-05,0.0,nan
180,63,4.618461057533194e-05,0.0,nan
180,64,3.752421108672266e-05,0.0,nan
180,65,2.2923139686915122e-05,0.0,nan
180,66,8.709389381075523e-05,0.0,nan
180,67,8.703141148521175e-05,0.0,nan
180,68,5.571414946633741e-05,0.0,nan
180,69,4.795440777092534e-05,0.0,nan
180,70,2.174471481453941e-05,0.0,nan
180,71,2.369386785460783e-05,0.0,nan
180,72,2.7945321447527515e-05,0.0,nan
180,73,0.1019253555854695,0.9375,nan
180,74,4.515028459480655e-05,0.0,nan
180,75,3.055987507562496e-05,0.0,nan
180,76,6.947984216576294e-05,0.0,nan
180,77,5.881607989607714e-05,0.0,nan
180,78,5.6504657789384946e-05,0.0,nan
180,79,4.5872630143582195e-05,0.0,nan
180,80,1.7909844608546596e-05,0.0,nan
180,81,6.407909525463775e-05,0.0,nan
180,82,0.00010108152602495825,0.0,nan
180,83,1.5393131339385094e-05,0.0,nan
180,84,3.822709884817032e-05,0.0,nan
180,85,5.801166569609582e-05,0.0,nan
180,86,7.941544691888895e-05,0.0,nan
180,87,2.270890760958489e-05,0.0,nan
180,88,5.525547892693386e-05,0.0,nan
180,89,4.598382733331756e-05,0.0,nan
180,90,5.9840952733513646e-05,0.0,nan
180,91,7.244707534729365e-05,0.0,nan
180,92,0.0001230330872751063,0.0,nan
180,93,3.137127688744486e-05,0.0,nan
180,94,3.179916565919583e-05,0.0,nan
180,95,7.70008674031769e-05,0.0,nan
180,96,7.641502318172084e-05,0.0,nan
180,97,0.06257014313445375,0.6875,nan
180,98,5.106834081203245e-05,0.0,nan
180,99,6.782426220599148e-05,0.0,nan
181,0,4.4075056546105255e-05,0.0,nan
181,1,0.00010200535384479424,0.0,nan
181,2,7.283077668775406e-05,0.0,nan
181,3,0.00016102548797904904,0.0,nan
181,4,5.858408416216045e-05,0.0,nan
181,5,2.4188878427939525e-05,0.0,nan
181,6,4.166598301515745e-05,0.0,nan
181,7,5.1853531830388925e-05,0.0,nan
181,8,0.09583908193864776,1.0,nan
181,9,3.133133327357059e-05,0.0,nan
181,10,0.00015619068868690894,0.0,nan
181,11,4.801380792409255e-05,0.0,nan
181,12,4.906615548450997e-05,0.0,nan
181,13,0.00014086912279558475,0.0,nan
181,14,0.05162472874868872,0.75,nan
181,15,6.571821897005741e-05,0.0,nan
181,16,0.013324749355378598,0.25,nan
181,17,0.0001346738830416224,0.0,nan
181,18,7.07656580925766e-05,0.0,nan
181,19,3.497150966735284e-05,0.0,nan
181,20,9.18425494550278e-05,0.0,nan
181,21,3.3309271526636505e-05,0.0,nan
181,22,5.516741138519115e-05,0.0,nan
181,23,3.844657235857385e-05,0.0,nan
181,24,0.00012031055984256021,0.0,nan
181,25,0.00021231982321173618,0.0,nan
181,26,0.00011123061086793732,0.0,nan
181,27,6.636689929026737e-05,0.0,nan
181,28,1.944150539269499e-05,0.0,nan
181,29,3.599648912610128e-05,0.0,nan
181,30,0.0001946981747494853,0.0,nan
181,31,5.996323850718909e-05,0.0,nan
181,32,9.856501224634606e-05,0.0,nan
181,33,4.0207683454296226e-05,0.0,nan
181,34,5.662620124549795e-05,0.0,nan
181,35,7.92012057303527e-05,0.0,nan
181,36,5.4714017697273814e-05,0.0,nan
181,37,5.711556543422369e-05,0.0,nan
181,38,0.00015729049257441196,0.0625,nan
181,39,8.684960317086293e-05,0.0,nan
181,40,0.00012251389146270342,0.0,nan
181,41,2.6829999816829795e-05,0.0,nan
181,42,0.00016218803896587928,0.0,nan
181,43,0.0002288751253698219,0.0,nan
181,44,4.568678717212233e-05,0.0,nan
181,45,0.024536147759041255,0.5,nan
181,46,3.455624118128379e-05,0.0,nan
181,47,4.149642707747421e-05,0.0,nan
181,48,2.3411994861976556e-05,0.0,nan
181,49,4.349903675838621e-05,0.0,nan
181,50,4.2021633235730314e-05,0.0,nan
181,51,8.931676542798382e-05,0.0,nan
181,52,6.738126023142126e-05,0.0,nan
181,53,8.171618420220725e-05,0.0,nan
181,54,6.842838710068015e-05,0.0,nan
181,55,4.7952715399711805e-05,0.0,nan
181,56,0.0003409194965569434,0.0,nan
181,57,6.976103150403972e-05,0.0,nan
181,58,7.396696468020471e-05,0.0,nan
181,59,3.830200005133323e-05,0.0,nan
181,60,5.549014390938129e-05,0.0,nan
181,61,4.4561453783523306e-05,0.0,nan
181,62,6.26801270775056e-05,0.0,nan
181,63,5.045538283456809e-05,0.0,nan
181,64,3.521179547526085e-05,0.0,nan
181,65,0.00013565669780324266,0.0,nan
181,66,0.00020295773222613446,0.0,nan
181,67,1.437780113288536e-05,0.0,nan
181,68,8.042934062071252e-05,0.0,nan
181,69,6.39165310463596e-05,0.0,nan
181,70,0.00011401912996078993,0.0,nan
181,71,6.726547191813184e-05,0.0,nan
181,72,0.0001411676318981129,0.0,nan
181,73,0.03838054964291691,0.625,nan
181,74,0.00015292558192199997,0.0,nan
181,75,7.53821463084615e-05,0.0,nan
181,76,2.1428357359341458e-05,0.0,nan
181,77,0.00010055404654113505,0.0,nan
181,78,3.78280664005364e-05,0.0,nan
181,79,6.518208139400381e-05,0.0,nan
181,80,3.350710725846238e-05,0.0,nan
181,81,6.134021907455366e-05,0.0,nan
181,82,7.893369230488448e-05,0.0,nan
181,83,7.342944906506502e-05,0.0,nan
181,84,8.817901073893592e-05,0.0,nan
181,85,4.000418896981025e-05,0.0,nan
181,86,7.607280595796039e-05,0.0,nan
181,87,6.33418604010193e-05,0.0,nan
181,88,4.810741158083588e-05,0.0,nan
181,89,9.180765812888107e-05,0.0,nan
181,90,5.346592326599197e-05,0.0,nan
181,91,0.0003063578457975962,0.25,nan
181,92,0.00010428359988866578,0.0,nan
181,93,0.0001432902959789297,0.0,nan
181,94,4.788714987475251e-05,0.0,nan
181,95,8.195808154209413e-05,0.0,nan
181,96,3.5157029657215894e-05,0.0,nan
181,97,0.043947238895448076,0.8125,nan
181,98,4.272927241021287e-05,0.0,nan
181,99,4.4199814483995956e-05,0.0,nan
182,0,2.8963615200089995e-05,0.0,nan
182,1,7.302946975273879e-05,0.0,nan
182,2,2.718637946300212e-05,0.0,nan
182,3,2.4903986672189747e-05,0.0,nan
182,4,4.850824666872558e-05,0.0,nan
182,5,0.061293990307483864,0.8125,nan
182,6,2.0903044425552605e-05,0.0,nan
182,7,8.433735393078957e-05,0.0,nan
182,8,0.048531457751478636,1.0,nan
182,9,4.767240711849912e-05,0.0,nan
182,10,7.417925723737946e-05,0.0,nan
182,11,9.932274168486584e-05,0.0,nan
182,12,3.610627310625095e-05,0.0,nan
182,13,6.894507500829355e-05,0.0,nan
182,14,0.022234566544549993,0.5625,nan
182,15,6.10566470610649e-05,0.0,nan
182,16,0.012685405768540454,0.3125,nan
182,17,4.010247971565722e-05,0.0,nan
182,18,3.619443173969326e-05,0.0,nan
182,19,4.7571009675342236e-05,0.0,nan
182,20,2.4761853135673782e-05,0.0,nan
182,21,0.0003084566625606459,0.0,nan
182,22,0.00011429392413018932,0.0,nan
182,23,0.00010448055959663477,0.0,nan
182,24,3.3995802108777986e-05,0.0,nan
182,25,3.0389328138356652e-05,0.0,nan
182,26,3.7628979723042195e-05,0.0,nan
182,27,1.8365395772289742e-05,0.0,nan
182,28,5.9703437477144355e-05,0.0,nan
182,29,3.7856166451990346e-05,0.0,nan
182,30,7.170227902743237e-05,0.0,nan
182,31,4.303782075260924e-05,0.0,nan
182,32,2.173943464607649e-05,0.0,nan
182,33,3.874483623825025e-05,0.0,nan
182,34,2.3115174130984715e-05,0.0,nan
182,35,5.014890427508031e-05,0.0,nan
182,36,2.4171879243540167e-05,0.0,nan
182,37,5.241849481230533e-05,0.0,nan
182,38,0.0048554544478127005,0.0,nan
182,39,7.199011740765344e-05,0.0,nan
182,40,4.1815508337488204e-05,0.0,nan
182,41,9.21506504514919e-05,0.0,nan
182,42,9.729910255268895e-05,0.0,nan
182,43,8.172755890184782e-05,0.0,nan
182,44,6.164962166903109e-05,0.0,nan
182,45,0.0019866784445414162,0.0,nan
182,46,4.886184092933794e-05,0.0,nan
182,47,6.822724929608011e-05,0.0,nan
182,48,3.696011342085567e-05,0.0,nan
182,49,3.850869666081543e-05,0.0,nan
182,50,8.621869615018842e-05,0.0,nan
182,51,7.685047215064182e-05,0.0,nan
182,52,8.34937545840021e-05,0.0,nan
182,53,4.7609719331889794e-05,0.0,nan
182,54,0.00014561554011720404,0.0,nan
182,55,0.00011259258784567556,0.0,nan
182,56,0.0004011250385248518,0.0,nan
182,57,1.8395799330067108e-05,0.0,nan
182,58,5.068278632644337e-05,0.0,nan
182,59,5.066519229608063e-05,0.0,nan
182,60,9.810041411885423e-05,0.0,nan
182,61,0.00016866149003539943,0.0,nan
182,62,0.00010655044276284878,0.0,nan
182,63,3.7186446068442145e-05,0.0,nan
182,64,8.365200763710246e-05,0.0,nan
182,65,4.790454768939603e-05,0.0,nan
182,66,6.485342170101434e-05,0.0,nan
182,67,3.064968522011417e-05,0.0,nan
182,68,0.0001235794083516973,0.0,nan
182,69,3.2167459327454e-05,0.0,nan
182,70,4.9182123894760544e-05,0.0,nan
182,71,0.00011918301182407668,0.0,nan
182,72,3.852392171578674e-05,0.0,nan
182,73,0.06577547271347063,0.8125,nan
182,74,4.014140060816763e-05,0.0,nan
182,75,4.541447301202165e-05,0.0,nan
182,76,0.00011250935257825171,0.0,nan
182,77,0.0002617102817709612,0.0,nan
182,78,7.814518369363295e-05,0.0,nan
182,79,6.829479960755917e-05,0.0,nan
182,80,6.0191737291575544e-05,0.0,nan
182,81,0.00015679555284626282,0.0,nan
182,82,0.0001908291074370727,0.0,nan
182,83,7.258605033365009e-05,0.0,nan
182,84,2.9953498383805457e-05,0.0,nan
182,85,6.899766143997984e-05,0.0,nan
182,86,1.6577550184199896e-05,0.0,nan
182,87,5.62110880533322e-05,0.0,nan
182,88,6.514713597086913e-05,0.0,nan
182,89,2.0687757824148984e-05,0.0,nan
182,90,8.32401202109268e-05,0.0,nan
182,91,5.3111217435530817e-05,0.0,nan
182,92,5.2178859210038445e-05,0.0,nan
182,93,2.893809753465804e-05,0.0,nan
182,94,4.441051559403295e-05,0.0,nan
182,95,7.352630199165705e-05,0.0,nan
182,96,0.0001203769448516124,0.0,nan
182,97,0.02557715135302885,0.625,nan
182,98,0.0002529961589366782,0.0,nan
182,99,9.467376793923394e-05,0.0,nan
183,0,6.0736573340147286e-05,0.0,nan
183,1,0.00012149283002085964,0.0,nan
183,2,6.489893952082339e-05,0.0,nan
183,3,9.104663302672366e-05,0.0,nan
183,4,0.00012460431199166314,0.0,nan
183,5,0.03846471653575439,0.6875,nan
183,6,3.0404799831235042e-05,0.0,nan
183,7,0.00012447746562934848,0.0,nan
183,8,0.06068825566578269,1.0,nan
183,9,5.1246455732292714e-05,0.0,nan
183,10,9.171422812656271e-05,0.0,nan
183,11,0.00011527419218264993,0.0,nan
183,12,0.00017131648775954252,0.0,nan
183,13,0.00011443645830154836,0.0,nan
183,14,0.02029589326951984,0.5,nan
183,15,0.00010743077975951712,0.0,nan
183,16,0.008550970843419561,0.0625,nan
183,17,0.00010842128628105046,0.0,nan
183,18,9.437401684516284e-05,0.0,nan
183,19,8.696195510747066e-05,0.0,nan
183,20,8.69730013082663e-05,0.0,nan
183,21,7.503652715795024e-05,0.0,nan
183,22,0.0005945249031675042,0.0625,nan
183,23,0.00013000206734021733,0.0,nan
183,24,6.060976629390891e-05,0.0,nan
183,25,0.00021329282653697828,0.0,nan
183,26,8.495148163151564e-05,0.0,nan
183,27,3.6805174044927285e-05,0.0,nan
183,28,6.452322522435859e-05,0.0,nan
183,29,4.762614704652181e-05,0.0,nan
183,30,4.099010292672489e-05,0.0,nan
183,31,8.236483033563085e-05,0.0,nan
183,32,0.00010404269114122329,0.0,nan
183,33,4.3935237825315545e-05,0.0,nan
183,34,5.8621613778091753e-05,0.0,nan
183,35,0.00010803818345954009,0.0,nan
183,36,9.05209573439394e-05,0.0,nan
183,37,5.359971903889575e-05,0.0,nan
183,38,0.0023367172252645495,0.0625,nan
183,39,8.244847806643737e-05,0.0,nan
183,40,7.856236875752976e-05,0.0,nan
183,41,3.21633045661594e-05,0.0,nan
183,42,0.00010974644886588911,0.0,nan
183,43,1.3668267635462707e-05,0.0,nan
183,44,0.00017481192456709468,0.0,nan
183,45,0.0002350671796981201,0.0625,nan
183,46,3.463050690091187e-05,0.0,nan
183,47,6.0325804004897004e-05,0.0,nan
183,48,6.186571661437313e-05,0.0,nan
183,49,2.315206293308198e-05,0.0,nan
183,50,9.050242423294482e-05,0.0,nan
183,51,3.6544351202000324e-05,0.0,nan
183,52,2.4003665384413336e-05,0.0,nan
183,53,0.00016762306960794277,0.0,nan
183,54,4.1372257465240394e-05,0.0,nan
183,55,7.50707596575121e-05,0.0,nan
183,56,0.00014920322265515884,0.0,nan
183,57,0.00012679347087065878,0.0,nan
183,58,9.326293862597994e-05,0.0,nan
183,59,6.936299813786722e-05,0.0,nan
183,60,4.2304981771011405e-05,0.0,nan
183,61,5.0525003159736465e-05,0.0,nan
183,62,0.00022492142085419025,0.0,nan
183,63,0.0001489351290045288,0.0,nan
183,64,0.00013300222369655093,0.0,nan
183,65,4.371381372891362e-05,0.0,nan
183,66,8.769929354617375e-05,0.0,nan
183,67,2.7044240953560084e-05,0.0,nan
183,68,2.617969925545494e-05,0.0,nan
183,69,6.947419549430997e-05,0.0,nan
183,70,6.435815430412011e-05,0.0,nan
183,71,7.643021423619663e-05,0.0,nan
183,72,4.942476683024126e-05,0.0,nan
183,73,0.07239126419118394,1.0,nan
183,74,9.871217628699253e-05,0.0,nan
183,75,0.0001021793498558027,0.0,nan
183,76,3.474924601425904e-05,0.0,nan
183,77,8.433188295365419e-05,0.0,nan
183,78,6.870251463670789e-05,0.0,nan
183,79,4.919843508418397e-05,0.0,nan
183,80,5.092769263061173e-05,0.0,nan
183,81,1.286007704355482e-05,0.0,nan
183,82,0.0001581473999219144,0.0,nan
183,83,4.2438430210392466e-05,0.0,nan
183,84,3.358872529622974e-05,0.0,nan
183,85,9.507942625031147e-06,0.0,nan
183,86,0.00011124446324272072,0.0,nan
183,87,0.00012458022264254457,0.0,nan
183,88,4.906811103953104e-05,0.0,nan
183,89,0.00012185023836049628,0.0,nan
183,90,0.00010848062403614439,0.0,nan
183,91,8.927012405033294e-05,0.0,nan
183,92,0.00015354075910752133,0.0,nan
183,93,0.00014625380333243968,0.0,nan
183,94,0.00013362916406768063,0.0,nan
183,95,8.21706832684685e-05,0.0,nan
183,96,9.84966041521908e-05,0.0,nan
183,97,0.03046592667661773,0.8125,nan
183,98,6.0231444044034235e-05,0.0,nan
183,99,1.6970064166587017e-05,0.0,nan
184,0,3.229248395574074e-05,0.0,nan
184,1,4.546393411053917e-05,0.0,nan
184,2,4.969915983378298e-05,0.0,nan
184,3,0.00012320907239732486,0.0,nan
184,4,5.978984445672878e-05,0.0,nan
184,5,0.046600179304612535,0.875,nan
184,6,0.00011503458101180702,0.0,nan
184,7,0.0001265895580972447,0.0,nan
184,8,0.06052002403807012,0.9375,nan
184,9,7.287120289423897e-05,0.0,nan
184,10,8.360507287757588e-05,0.0,nan
184,11,7.778712126900823e-05,0.0,nan
184,12,2.701931748625161e-05,0.0,nan
184,13,8.093388843790735e-05,0.0,nan
184,14,0.02526493978539983,0.5625,nan
184,15,6.583708888084095e-05,0.0,nan
184,16,0.011457305995807819,0.25,nan
184,17,6.576761827548065e-05,0.0,nan
184,18,2.4283706768280627e-05,0.0,nan
184,19,4.9529582104196184e-05,0.0,nan
184,20,9.813951869152741e-05,0.0,nan
184,21,8.09927720052737e-05,0.0,nan
184,22,2.531994297978175e-05,0.0,nan
184,23,8.854022068999977e-05,0.0,nan
184,24,0.00011499531702361994,0.0,nan
184,25,5.98614668982775e-05,0.0,nan
184,26,3.3917024992245016e-05,0.0,nan
184,27,3.483290056448771e-05,0.0,nan
184,28,5.1412905339392655e-05,0.0,nan
184,29,1.431080110574351e-05,0.0,nan
184,30,8.055136312161128e-05,0.0,nan
184,31,3.0559203464523235e-05,0.0,nan
184,32,7.197191895755723e-05,0.0,nan
184,33,9.634161084974656e-05,0.0,nan
184,34,0.00010926508707065867,0.0,nan
184,35,4.042034707274383e-05,0.0,nan
184,36,5.9619984887003624e-05,0.0,nan
184,37,8.235350636797601e-05,0.0,nan
184,38,0.0069968194568835055,0.1875,nan
184,39,6.0691699565799514e-05,0.0,nan
184,40,5.3125132945623806e-05,0.0,nan
184,41,6.497466329557927e-05,0.0,nan
184,42,0.00010641971653688748,0.0,nan
184,43,4.482347981919635e-05,0.0,nan
184,44,4.3003575871606824e-05,0.0,nan
184,45,9.392443271297788e-05,0.0,nan
184,46,2.9504411214251914e-05,0.0,nan
184,47,9.436298841755737e-05,0.0,nan
184,48,5.2989328769841765e-05,0.0,nan
184,49,4.1158020317421094e-05,0.0,nan
184,50,0.00011436310070167129,0.0,nan
184,51,6.834088629388915e-05,0.0,nan
184,52,2.7832917455180573e-05,0.0,nan
184,53,0.00013302493953439454,0.0,nan
184,54,8.04144419770111e-06,0.0,nan
184,55,9.80730434820488e-05,0.0,nan
184,56,0.00024242496089572598,0.0,nan
184,57,2.3646658257175497e-05,0.0,nan
184,58,5.297749871258603e-05,0.0,nan
184,59,5.0898857867428285e-05,0.0,nan
184,60,3.8588427792088765e-05,0.0,nan
184,61,3.6321428985714376e-05,0.0,nan
184,62,7.36241832284837e-05,0.0,nan
184,63,3.157205900641278e-05,0.0,nan
184,64,5.672064785557443e-05,0.0,nan
184,65,9.094941517431921e-05,0.0,nan
184,66,7.010931829460713e-05,0.0,nan
184,67,5.355397209334637e-05,0.0,nan
184,68,0.00013876282822086338,0.0,nan
184,69,4.785935994081272e-05,0.0,nan
184,70,2.162988026609429e-05,0.0,nan
184,71,2.3297010464081903e-05,0.0,nan
184,72,8.758567163396003e-05,0.0,nan
184,73,0.026144128178366317,0.6875,nan
184,74,5.517494724753073e-05,0.0,nan
184,75,7.175879430050726e-05,0.0,nan
184,76,5.095248691326846e-05,0.0,nan
184,77,0.00012117342685133477,0.0,nan
184,78,0.00012297946754497786,0.0,nan
184,79,5.514101010715454e-05,0.0,nan
184,80,8.277137036449508e-05,0.0,nan
184,81,3.5819385265929826e-05,0.0,nan
184,82,0.00016848246487265655,0.0,nan
184,83,2.8535663783564173e-05,0.0,nan
184,84,2.89236510783749e-05,0.0,nan
184,85,7.305653539792258e-05,0.0,nan
184,86,7.917099504287597e-05,0.0,nan
184,87,4.826792289964068e-05,0.0,nan
184,88,7.223811954858614e-05,0.0,nan
184,89,0.00012521365593709703,0.0,nan
184,90,0.00017321696443014728,0.0,nan
184,91,8.949177344888556e-05,0.0,nan
184,92,4.903824502447536e-05,0.0,nan
184,93,7.803792993847628e-05,0.0,nan
184,94,9.987621871664052e-06,0.0,nan
184,95,2.9849491931281305e-05,0.0,nan
184,96,3.195418277031676e-05,0.0,nan
184,97,0.04787393914373148,0.9375,nan
184,98,8.987669347759894e-06,0.0,nan
184,99,2.7032026940980992e-05,0.0,nan
185,0,8.959458004199016e-05,0.0,nan
185,1,6.32552215535097e-05,0.0,nan
185,2,4.421916570475061e-05,0.0,nan
185,3,9.970379256491707e-05,0.0,nan
185,4,6.128686173651146e-05,0.0,nan
185,5,0.08914966742659598,0.8125,nan
185,6,6.354166916393804e-05,0.0,nan
185,7,4.6189645231773285e-05,0.0,nan
185,8,0.047183631259443116,0.9375,nan
185,9,0.00013582860539470643,0.0,nan
185,10,8.129523287258032e-05,0.0,nan
185,11,7.99545427792347e-05,0.0,nan
185,12,6.155158150255244e-05,0.0,nan
185,13,0.00010154804729930561,0.0,nan
185,14,0.029070294598249315,0.625,nan
185,15,5.502899284114955e-05,0.0,nan
185,16,0.011204779099430155,0.0625,nan
185,17,7.351710088567782e-05,0.0,nan
185,18,5.9501706814536436e-05,0.0,nan
185,19,2.6147373356680034e-05,0.0,nan
185,20,1.3239844862496715e-05,0.0,nan
185,21,2.1106746721549954e-05,0.0,nan
185,22,6.507511785946104e-05,0.0,nan
185,23,3.3238403969975455e-05,0.0,nan
185,24,9.741852689186844e-05,0.0,nan
185,25,4.51829116569219e-05,0.0,nan
185,26,1.80505291417581e-05,0.0,nan
185,27,7.741025243364093e-05,0.0,nan
185,28,0.000127510207761308,0.0,nan
185,29,5.4332807959805255e-05,0.0,nan
185,30,4.273468421859694e-05,0.0,nan
185,31,8.568533034967375e-05,0.0,nan
185,32,0.00014719711943312206,0.0,nan
185,33,4.7135959039133924e-05,0.0,nan
185,34,5.107497004880672e-05,0.0,nan
185,35,2.9215425990266388e-05,0.0,nan
185,36,0.00015093328596917213,0.0,nan
185,37,4.1695346084280266e-05,0.0,nan
185,38,0.014829355451432878,0.375,nan
185,39,7.307444471120606e-05,0.0,nan
185,40,9.296913756658053e-05,0.0,nan
185,41,2.6171093821460384e-05,0.0,nan
185,42,5.496820440172197e-05,0.0,nan
185,43,8.657023190410045e-05,0.0,nan
185,44,7.942249246162806e-05,0.0,nan
185,45,0.00024663237685091727,0.0,nan
185,46,5.3462471735493086e-05,0.0,nan
185,47,5.431258577380906e-05,0.0,nan
185,48,3.582138728703993e-05,0.0,nan
185,49,6.044980264194868e-05,0.0,nan
185,50,3.76693823982319e-05,0.0,nan
185,51,4.382815288037729e-05,0.0,nan
185,52,4.432619229442455e-05,0.0,nan
185,53,2.8283691395005592e-05,0.0,nan
185,54,2.852475208859311e-05,0.0,nan
185,55,6.83440837576281e-05,0.0,nan
185,56,7.135685515315663e-05,0.0,nan
185,57,6.898544045302968e-05,0.0,nan
185,58,0.00011087069414144905,0.0,nan
185,59,3.1820658747637565e-05,0.0,nan
185,60,3.114378100324077e-05,0.0,nan
185,61,5.853267476864451e-05,0.0,nan
185,62,6.429528687580728e-05,0.0,nan
185,63,8.101250937163614e-05,0.0,nan
185,64,0.00014046696522201316,0.0,nan
185,65,7.502617960059669e-05,0.0,nan
185,66,6.932925744355451e-05,0.0,nan
185,67,3.122442924665055e-05,0.0,nan
185,68,9.460803473731488e-05,0.0,nan
185,69,7.324685491065209e-05,0.0,nan
185,70,2.2445815522620266e-05,0.0,nan
185,71,3.365464763368596e-05,0.0,nan
185,72,2.8909743873787143e-05,0.0,nan
185,73,0.03297786208292975,0.625,nan
185,74,6.802649017277675e-05,0.0,nan
185,75,0.00011753956114191546,0.0,nan
185,76,3.422483710023656e-05,0.0,nan
185,77,0.00010087328406322533,0.0,nan
185,78,1.5379733384137463e-05,0.0,nan
185,79,4.525799454906176e-05,0.0,nan
185,80,1.9855359071301574e-05,0.0,nan
185,81,4.6706652205501204e-05,0.0,nan
185,82,0.0002134422741090082,0.0,nan
185,83,4.502533055924765e-05,0.0,nan
185,84,5.2431146826961464e-05,0.0,nan
185,85,6.995491697071097e-05,0.0,nan
185,86,7.97595277877558e-05,0.0,nan
185,87,7.431267929492116e-05,0.0,nan
185,88,5.475167527614115e-05,0.0,nan
185,89,2.6561535998014238e-05,0.0,nan
185,90,7.262896847988113e-05,0.0,nan
185,91,4.868302168870798e-05,0.0,nan
185,92,4.942784157653603e-05,0.0,nan
185,93,5.9831782700851306e-05,0.0,nan
185,94,5.619911050393965e-05,0.0,nan
185,95,5.3121748475184726e-05,0.0,nan
185,96,5.1276148852396624e-05,0.0,nan
185,97,0.017994889670839193,0.5,nan
185,98,6.010896060573824e-05,0.0,nan
185,99,0.00013114676643565716,0.0,nan
186,0,1.88061187512505e-05,0.0,nan
186,1,8.26408877370571e-05,0.0,nan
186,2,3.790755119178293e-05,0.0,nan
186,3,7.921478038690216e-05,0.0,nan
186,4,0.00010842800778488515,0.0,nan
186,5,0.06421139916175961,0.875,nan
186,6,5.223045175406285e-05,0.0,nan
186,7,3.800224218294955e-05,0.0,nan
186,8,0.048641636733462855,1.0,nan
186,9,3.8258220848227495e-05,0.0,nan
186,10,6.10158441117518e-05,0.0,nan
186,11,8.85829427893369e-05,0.0,nan
186,12,9.218709322377774e-05,0.0,nan
186,13,0.00010512498511898089,0.0,nan
186,14,0.02313532433097823,0.5625,nan
186,15,2.2142611332284348e-05,0.0,nan
186,16,0.018032707220762695,0.5,nan
186,17,7.951479478500075e-05,0.0,nan
186,18,2.7754938275600023e-05,0.0,nan
186,19,7.28938900284989e-05,0.0,nan
186,20,0.0001141933371440266,0.0,nan
186,21,4.701835956934518e-05,0.0,nan
186,22,0.00011563225305263693,0.0,nan
186,23,7.495180804209487e-05,0.0,nan
186,24,8.724787969023483e-05,0.0,nan
186,25,3.224231124609187e-05,0.0,nan
186,26,1.586398125474708e-05,0.0,nan
186,27,6.271257825351753e-05,0.0,nan
186,28,8.276521303667895e-05,0.0,nan
186,29,7.031222185697173e-05,0.0,nan
186,30,7.098153801341585e-05,0.0,nan
186,31,2.7110930757656945e-05,0.0,nan
186,32,0.000547911806740565,0.0,nan
186,33,2.7200659116283244e-05,0.0,nan
186,34,5.50882630492048e-05,0.0,nan
186,35,7.074201329781152e-05,0.0,nan
186,36,3.831019674190084e-05,0.0,nan
186,37,5.123091420879041e-05,0.0,nan
186,38,0.05553548646366936,0.875,nan
186,39,6.049688587145669e-05,0.0,nan
186,40,4.163309349937782e-05,0.0,nan
186,41,5.9764848193429154e-05,0.0,nan
186,42,3.6754633802748004e-05,0.0,nan
186,43,1.1468880597805944e-05,0.0,nan
186,44,5.277021766663085e-05,0.0,nan
186,45,3.253548530507084e-05,0.0,nan
186,46,3.145159721507814e-05,0.0,nan
186,47,5.3120005053425566e-05,0.0,nan
186,48,3.5846886906613766e-05,0.0,nan
186,49,7.137750525144694e-05,0.0,nan
186,50,9.377659773040925e-05,0.0,nan
186,51,6.042597519204473e-05,0.0,nan
186,52,4.9647855111921194e-05,0.0,nan
186,53,6.983956991608316e-05,0.0,nan
186,54,3.427730217281518e-05,0.0,nan
186,55,3.301708527395932e-05,0.0,nan
186,56,4.371105608448539e-05,0.0,nan
186,57,3.1434514878924846e-05,0.0,nan
186,58,3.912399259348872e-05,0.0,nan
186,59,3.823436971713603e-05,0.0,nan
186,60,3.056780043536575e-05,0.0,nan
186,61,3.110598009899476e-05,0.0,nan
186,62,1.788495146819041e-05,0.0,nan
186,63,6.569010046113372e-05,0.0,nan
186,64,4.086758288087554e-05,0.0,nan
186,65,8.166573701993798e-05,0.0,nan
186,66,9.345389431291372e-05,0.0,nan
186,67,7.55296218937056e-05,0.0,nan
186,68,6.485768438586015e-06,0.0,nan
186,69,0.00011665183664428519,0.0,nan
186,70,3.935043769795476e-05,0.0,nan
186,71,1.9423795784345633e-05,0.0,nan
186,72,3.8824255157923605e-05,0.0,nan
186,73,0.0354098246930181,0.75,nan
186,74,6.580001407910717e-05,0.0,nan
186,75,7.750302967631813e-05,0.0,nan
186,76,5.741258290234271e-05,0.0,nan
186,77,6.58836206685122e-05,0.0,nan
186,78,6.189430724611248e-05,0.0,nan
186,79,1.715883772411425e-05,0.0,nan
186,80,9.95720162389971e-05,0.0,nan
186,81,4.1692829367745535e-05,0.0,nan
186,82,3.1184501474911074e-05,0.0,nan
186,83,7.482991881581905e-05,0.0,nan
186,84,7.996443625442968e-05,0.0,nan
186,85,1.8635465666002307e-05,0.0,nan
186,86,4.792428235259555e-05,0.0,nan
186,87,7.477487052817065e-05,0.0,nan
186,88,5.395721429594124e-05,0.0,nan
186,89,8.314747475792286e-05,0.0,nan
186,90,3.204182895660292e-05,0.0,nan
186,91,5.546294676588774e-05,0.0,nan
186,92,6.105141901630766e-05,0.0,nan
186,93,9.863240448437522e-05,0.0,nan
186,94,0.00010769796483101018,0.0,nan
186,95,4.9401881616790276e-05,0.0,nan
186,96,6.172111159063182e-05,0.0,nan
186,97,0.013525296928534363,0.3125,nan
186,98,2.943558510381502e-05,0.0,nan
186,99,3.077921597199697e-05,0.0,nan
187,0,6.352261972271097e-05,0.0,nan
187,1,6.136971661872278e-05,0.0,nan
187,2,0.0001745401641196868,0.0,nan
187,3,7.767123961408803e-05,0.0,nan
187,4,2.4516607017505936e-05,0.0,nan
187,5,0.045741760807856795,0.6875,nan
187,6,5.3867560185727914e-05,0.0,nan
187,7,3.8980241216585385e-05,0.0,nan
187,8,0.06551836011784035,1.0,nan
187,9,6.249486724638022e-05,0.0,nan
187,10,7.486312819293217e-05,0.0,nan
187,11,5.3018632608811526e-05,0.0,nan
187,12,0.00010123946387940059,0.0,nan
187,13,5.388279129344892e-05,0.0,nan
187,14,0.023291055366834557,0.75,nan
187,15,6.668028364018337e-05,0.0,nan
187,16,0.01119933832583683,0.1875,nan
187,17,3.297342763876386e-05,0.0,nan
187,18,5.461801098069911e-05,0.0,nan
187,19,3.060468304879736e-05,0.0,nan
187,20,6.048813778291262e-05,0.0,nan
187,21,4.286886774799482e-05,0.0,nan
187,22,8.199611582211143e-05,0.0,nan
187,23,2.924009690707706e-05,0.0,nan
187,24,0.0001102987602079778,0.0,nan
187,25,0.00010747991381506014,0.0,nan
187,26,7.993534238798271e-05,0.0,nan
187,27,7.45814137362412e-05,0.0,nan
187,28,2.0468286626748474e-05,0.0,nan
187,29,7.865472652888707e-05,0.0,nan
187,30,9.222803303066707e-05,0.0,nan
187,31,4.4981530676530214e-05,0.0,nan
187,32,7.064402753397985e-05,0.0,nan
187,33,7.530842648153049e-05,0.0,nan
187,34,5.928789718142048e-05,0.0,nan
187,35,9.19499188507663e-05,0.0,nan
187,36,4.545620798348805e-05,0.0,nan
187,37,4.810307913214548e-05,0.0,nan
187,38,0.036084995941224794,0.75,nan
187,39,4.407819685153321e-05,0.0,nan
187,40,6.0073291554364194e-05,0.0,nan
187,41,6.840934674893798e-05,0.0,nan
187,42,7.192176178004027e-05,0.0,nan
187,43,0.00012387074972140648,0.0,nan
187,44,6.631665778278005e-05,0.0,nan
187,45,5.279132170522675e-05,0.0,nan
187,46,5.143102926280911e-05,0.0,nan
187,47,3.7319658715502215e-05,0.0,nan
187,48,7.146940497965401e-05,0.0,nan
187,49,5.350862570477512e-05,0.0,nan
187,50,9.777254815778254e-05,0.0,nan
187,51,4.909393059990231e-05,0.0,nan
187,52,8.032152190729465e-05,0.0,nan
187,53,7.923845985021314e-05,0.0,nan
187,54,3.3800360420984136e-05,0.0,nan
187,55,4.183827370080052e-05,0.0,nan
187,56,5.617540732112316e-05,0.0,nan
187,57,5.034184368910637e-05,0.0,nan
187,58,7.259881738827145e-05,0.0,nan
187,59,3.7757865496488115e-05,0.0,nan
187,60,3.137295641323119e-05,0.0,nan
187,61,7.991070445610924e-05,0.0,nan
187,62,8.839015651475416e-05,0.0,nan
187,63,2.2966608781170016e-05,0.0,nan
187,64,2.6231761656263694e-05,0.0,nan
187,65,0.00016342813778541325,0.0,nan
187,66,0.00010891359228436772,0.0,nan
187,67,5.3221844142859384e-05,0.0,nan
187,68,8.962791554283888e-05,0.0,nan
187,69,8.454777860737259e-05,0.0,nan
187,70,5.3345664796586404e-05,0.0,nan
187,71,2.4802504280648642e-05,0.0,nan
187,72,4.8286529385338414e-05,0.0,nan
187,73,0.01827200349310762,0.375,nan
187,74,4.498299534280183e-05,0.0,nan
187,75,3.190896091407225e-05,0.0,nan
187,76,7.635144089768184e-05,0.0,nan
187,77,9.025353511542061e-05,0.0,nan
187,78,3.616136611503609e-05,0.0,nan
187,79,6.585685912496912e-05,0.0,nan
187,80,7.641347800356489e-05,0.0,nan
187,81,3.100010422959542e-05,0.0,nan
187,82,8.296001763840695e-05,0.0,nan
187,83,0.00013455176678544813,0.0,nan
187,84,5.52027143125482e-05,0.0,nan
187,85,6.247473018153581e-05,0.0,nan
187,86,0.00010249119247803242,0.0,nan
187,87,6.722355561764737e-05,0.0,nan
187,88,2.12365818579565e-05,0.0,nan
187,89,3.795852523876251e-05,0.0,nan
187,90,4.342469437903013e-05,0.0,nan
187,91,3.629485515865185e-05,0.0,nan
187,92,3.594133027452401e-05,0.0,nan
187,93,4.42252991260798e-05,0.0,nan
187,94,8.493943021732888e-05,0.0,nan
187,95,0.00011661162938501475,0.0,nan
187,96,6.714032779442147e-05,0.0,nan
187,97,0.0384708803683612,0.6875,nan
187,98,5.966442043463875e-05,0.0,nan
187,99,9.578093564350588e-05,0.0,nan
188,0,2.068927135275836e-05,0.0,nan
188,1,5.775279361318626e-05,0.0,nan
188,2,0.00013910514022800633,0.0,nan
188,3,4.086008730740013e-05,0.0,nan
188,4,3.2810820285331934e-05,0.0,nan
188,5,0.0002647326595299229,0.0625,nan
188,6,6.562579550543782e-05,0.0,nan
188,7,5.065781462953886e-05,0.0,nan
188,8,0.09288544682508848,1.0,nan
188,9,3.754602486992019e-05,0.0,nan
188,10,7.58518352712545e-05,0.0,nan
188,11,0.00013141249339401268,0.0,nan
188,12,6.94586898346643e-05,0.0,nan
188,13,0.00018023086536597492,0.0,nan
188,14,0.05641531904585652,0.875,nan
188,15,0.00016678584431091287,0.0,nan
188,16,0.017412529496827728,0.3125,nan
188,17,3.534105847619773e-05,0.0,nan
188,18,7.318127813596257e-05,0.0,nan
188,19,3.442080154375556e-05,0.0,nan
188,20,3.1167078343084774e-05,0.0,nan
188,21,8.469742583854748e-05,0.0,nan
188,22,5.4384327345172195e-05,0.0,nan
188,23,6.0485976755519756e-05,0.0,nan
188,24,0.00015421824812563787,0.0,nan
188,25,5.0845009016452934e-05,0.0,nan
188,26,2.7960459338754292e-05,0.0,nan
188,27,3.6927670310315535e-05,0.0,nan
188,28,6.2492948044947e-05,0.0,nan
188,29,6.588141790549672e-05,0.0,nan
188,30,0.0002113728672910268,0.0,nan
188,31,7.81476978401607e-05,0.0,nan
188,32,0.00011318570638140421,0.0,nan
188,33,3.943760606302172e-05,0.0,nan
188,34,0.00012794172347862834,0.0,nan
188,35,0.00016745982838752327,0.0,nan
188,36,7.277906351980913e-05,0.0,nan
188,37,7.995714132539924e-05,0.0,nan
188,38,0.04089945048675333,0.9375,nan
188,39,7.328439311333053e-05,0.0,nan
188,40,9.103861468552461e-05,0.0,nan
188,41,8.525318952898813e-05,0.0,nan
188,42,0.00019682765867863524,0.0,nan
188,43,2.9267958018998644e-05,0.0,nan
188,44,3.305120419018664e-05,0.0,nan
188,45,0.002496732522959506,0.0625,nan
188,46,2.273672204446242e-05,0.0,nan
188,47,5.4758664839700125e-05,0.0,nan
188,48,4.254448412429765e-05,0.0,nan
188,49,3.7636190665194865e-05,0.0,nan
188,50,9.83210418111503e-05,0.0,nan
188,51,2.195137899499092e-05,0.0,nan
188,52,8.286860305726842e-05,0.0,nan
188,53,3.0577660561310385e-05,0.0,nan
188,54,5.1842573959052184e-05,0.0,nan
188,55,0.00010911889513907344,0.0,nan
188,56,0.0001090127721146563,0.0,nan
188,57,8.311204999346004e-05,0.0,nan
188,58,0.00011703679406415774,0.0,nan
188,59,2.787313068458893e-05,0.0,nan
188,60,8.51486196053837e-05,0.0,nan
188,61,8.892442258714569e-05,0.0,nan
188,62,0.00012804489683246908,0.0,nan
188,63,6.336075012304544e-05,0.0,nan
188,64,9.811232608623625e-05,0.0,nan
188,65,0.0002947338707303183,0.0,nan
188,66,9.658116359813199e-05,0.0,nan
188,67,7.553144942522805e-05,0.0,nan
188,68,0.00012079445671359587,0.0,nan
188,69,5.696623126668607e-05,0.0,nan
188,70,9.028405948286602e-06,0.0,nan
188,71,0.00010654320794665597,0.0,nan
188,72,9.330115816248527e-05,0.0,nan
188,73,0.03804092833959907,0.75,nan
188,74,3.537492100426895e-05,0.0,nan
188,75,0.00010291287750875767,0.0,nan
188,76,7.726058528263383e-05,0.0,nan
188,77,0.00015835736864278018,0.0,nan
188,78,6.01047078079467e-05,0.0,nan
188,79,5.4136767619999796e-05,0.0,nan
188,80,5.544828979043381e-05,0.0,nan
188,81,2.6836302405874307e-05,0.0,nan
188,82,5.87568193560164e-06,0.0,nan
188,83,7.709777572341391e-05,0.0,nan
188,84,6.776267914427545e-05,0.0,nan
188,85,0.00011631390284215601,0.0,nan
188,86,6.293766464872172e-05,0.0,nan
188,87,0.00021748112880286432,0.0,nan
188,88,6.668319616768337e-05,0.0,nan
188,89,2.5067145764608245e-05,0.0,nan
188,90,5.673993413635845e-05,0.0,nan
188,91,5.841695254094956e-05,0.0,nan
188,92,0.00014447983482918816,0.0,nan
188,93,3.124043409360354e-05,0.0,nan
188,94,4.644913724141262e-05,0.0,nan
188,95,2.2671814810884576e-05,0.0,nan
188,96,6.773848839562736e-05,0.0,nan
188,97,0.0260316279891258,0.625,nan
188,98,0.0001281481610379759,0.0,nan
188,99,8.197373174927301e-05,0.0,nan
189,0,0.00011220784674989347,0.0,nan
189,1,4.122384295398581e-05,0.0,nan
189,2,0.00011758969704729508,0.0,nan
189,3,3.601565598210879e-05,0.0,nan
189,4,0.00011118063140261918,0.0,nan
189,5,0.00022400701867596239,0.0,nan
189,6,6.131506584582325e-05,0.0,nan
189,7,3.881143098822671e-05,0.0,nan
189,8,0.07406616981803366,1.0,nan
189,9,2.200738125532078e-05,0.0,nan
189,10,3.710203886983279e-05,0.0,nan
189,11,0.00025162719881985677,0.0,nan
189,12,8.194368881070819e-05,0.0,nan
189,13,0.00013098606293310565,0.0,nan
189,14,0.04770035386247694,0.8125,nan
189,15,2.731613488614512e-05,0.0,nan
189,16,0.008208133398300888,0.0,nan
189,17,0.00010164622589071376,0.0,nan
189,18,2.4478722861064123e-05,0.0,nan
189,19,3.8068956124098937e-05,0.0,nan
189,20,8.151558874659495e-05,0.0,nan
189,21,7.155996107357078e-05,0.0,nan
189,22,6.044059916971848e-05,0.0,nan
189,23,5.81878465419793e-05,0.0,nan
189,24,6.892354382009215e-05,0.0,nan
189,25,9.988591127382267e-05,0.0,nan
189,26,5.245400996174601e-05,0.0,nan
189,27,5.5826058101410595e-05,0.0,nan
189,28,8.205312577212284e-05,0.0,nan
189,29,5.536838910229381e-05,0.0,nan
189,30,5.107104704438939e-05,0.0,nan
189,31,5.7584156313110076e-05,0.0,nan
189,32,9.579596331414815e-05,0.0,nan
189,33,6.7672565777443e-05,0.0,nan
189,34,6.452289157898107e-05,0.0,nan
189,35,3.578684441020701e-05,0.0,nan
189,36,5.65910715424735e-05,0.0,nan
189,37,8.765659397780154e-05,0.0,nan
189,38,0.026057745473658377,0.875,nan
189,39,2.475689370785978e-05,0.0,nan
189,40,7.477474881708904e-05,0.0,nan
189,41,5.4003746062096844e-05,0.0,nan
189,42,0.00010102056766897843,0.0,nan
189,43,4.0480970395916094e-05,0.0,nan
189,44,8.326286365182472e-05,0.0,nan
189,45,0.00018150015099866108,0.0,nan
189,46,7.825516078023827e-05,0.0,nan
189,47,7.278999920489448e-05,0.0,nan
189,48,5.6572999810996025e-05,0.0,nan
189,49,5.538955905576366e-05,0.0,nan
189,50,2.5430885795702842e-05,0.0,nan
189,51,6.701196842033917e-05,0.0,nan
189,52,0.00015196339258892867,0.0,nan
189,53,6.962467087862748e-05,0.0,nan
189,54,5.225934368780822e-05,0.0,nan
189,55,2.7253608393854228e-05,0.0,nan
189,56,5.233903631466415e-05,0.0,nan
189,57,0.00013147173195281965,0.0,nan
189,58,0.0001398923612381342,0.0,nan
189,59,3.957580781705496e-05,0.0,nan
189,60,2.644799400746351e-05,0.0,nan
189,61,0.0001043896650909907,0.0,nan
189,62,0.0005251351911977466,0.0,nan
189,63,4.40600047940996e-05,0.0,nan
189,64,0.00010781308608001145,0.0,nan
189,65,0.00014831645082620745,0.0,nan
189,66,2.2680339454190837e-05,0.0,nan
189,67,1.6871813281234681e-06,0.0,nan
189,68,0.0001235991286923305,0.0,nan
189,69,8.625527098280853e-05,0.0,nan
189,70,6.209700422368686e-05,0.0,nan
189,71,3.341299839850896e-05,0.0,nan
189,72,6.30464404861265e-05,0.0,nan
189,73,0.05135433922112585,0.8125,nan
189,74,7.308705505385736e-05,0.0,nan
189,75,0.00013566072644686795,0.0,nan
189,76,5.849472673149162e-05,0.0,nan
189,77,0.0001717797930833966,0.0,nan
189,78,6.419091190088513e-05,0.0,nan
189,79,5.3134818634879364e-05,0.0,nan
189,80,5.20223686178236e-05,0.0,nan
189,81,2.8658273684283687e-05,0.0,nan
189,82,4.8810633774496414e-05,0.0,nan
189,83,7.239291797316105e-05,0.0,nan
189,84,0.0001323301021825266,0.0,nan
189,85,5.2755972245452216e-05,0.0,nan
189,86,8.11958993822504e-05,0.0,nan
189,87,8.835837146500461e-05,0.0,nan
189,88,7.974045004925361e-05,0.0,nan
189,89,2.1167856395787563e-05,0.0,nan
189,90,3.480973199421246e-05,0.0,nan
189,91,8.781699088730262e-05,0.0,nan
189,92,7.542566209104641e-05,0.0,nan
189,93,6.669534011869372e-05,0.0,nan
189,94,2.898331105488706e-05,0.0,nan
189,95,9.087242920098258e-05,0.0,nan
189,96,8.98004849009705e-05,0.0,nan
189,97,0.03918269764549981,0.8125,nan
189,98,7.304670754209594e-05,0.0,nan
189,99,6.057412938936926e-05,0.0,nan
190,0,0.00010501866245658841,0.0,nan
190,1,4.52085054102197e-05,0.0,nan
190,2,5.7720102896645085e-05,0.0,nan
190,3,7.274029059930467e-05,0.0,nan
190,4,9.547982129010875e-05,0.0,nan
190,5,0.01836049560073765,0.4375,nan
190,6,0.00015896986119697632,0.0,nan
190,7,4.9183961146532053e-05,0.0,nan
190,8,0.07099397916574218,1.0,nan
190,9,0.00010888903731345023,0.0,nan
190,10,5.268090902695095e-05,0.0,nan
190,11,5.203529149266592e-05,0.0,nan
190,12,0.00014562275252619583,0.0,nan
190,13,6.778083175440022e-05,0.0,nan
190,14,0.02667537780963114,0.6875,nan
190,15,6.457048483463014e-05,0.0,nan
190,16,0.017617218423469704,0.4375,nan
190,17,0.000194839180714765,0.0,nan
190,18,6.67057321350777e-05,0.0,nan
190,19,8.694776189824299e-05,0.0,nan
190,20,6.031831306497012e-05,0.0,nan
190,21,3.4066233839817635e-05,0.0,nan
190,22,7.36311807719136e-05,0.0,nan
190,23,0.00015560365972422608,0.0,nan
190,24,0.0004299952725821888,0.0,nan
190,25,0.00011288929305924194,0.0,nan
190,26,7.849432227050418e-05,0.0,nan
190,27,5.051986503828316e-05,0.0,nan
190,28,8.608824351617393e-05,0.0,nan
190,29,6.492842113091134e-05,0.0,nan
190,30,0.00010783745906794816,0.0,nan
190,31,5.7734976311326245e-05,0.0,nan
190,32,6.01761742561294e-05,0.0,nan
190,33,0.0003569568584955191,0.0,nan
190,34,0.00018555552029068506,0.0,nan
190,35,9.106051898948278e-06,0.0,nan
190,36,3.5782316940829454e-05,0.0,nan
190,37,3.958758302315185e-05,0.0,nan
190,38,0.04055089071809011,0.875,nan
190,39,5.381863895982971e-05,0.0,nan
190,40,0.00013282316235740878,0.0,nan
190,41,5.009236786483143e-05,0.0,nan
190,42,0.00031320172734715726,0.0,nan
190,43,2.8486222106514917e-05,0.0,nan
190,44,4.1754798399308174e-05,0.0,nan
190,45,0.00012802053118806487,0.0,nan
190,46,5.294042863794725e-05,0.0,nan
190,47,8.249344205509337e-05,0.0,nan
190,48,6.670280756219555e-05,0.0,nan
190,49,4.114860718984439e-05,0.0,nan
190,50,0.00022481775285000552,0.0,nan
190,51,0.00014433534542463878,0.0,nan
190,52,4.407569470107018e-05,0.0,nan
190,53,9.561085091621851e-05,0.0,nan
190,54,4.000109646118243e-05,0.0,nan
190,55,5.6193363288962514e-05,0.0,nan
190,56,0.00016641871241965343,0.0,nan
190,57,0.00010371431025535128,0.0,nan
190,58,2.777180258294475e-05,0.0,nan
190,59,1.2514086440342425e-05,0.0,nan
190,60,7.743981073149108e-05,0.0,nan
190,61,6.978997650678096e-05,0.0,nan
190,62,0.00012245889818076524,0.0,nan
190,63,6.567362331002263e-05,0.0,nan
190,64,3.812660044339566e-05,0.0,nan
190,65,0.00024593706418868985,0.0,nan
190,66,6.912206987641145e-05,0.0,nan
190,67,3.907557984893737e-05,0.0,nan
190,68,7.129020535580864e-05,0.0,nan
190,69,4.5392997336979985e-05,0.0,nan
190,70,3.370895752428397e-05,0.0,nan
190,71,3.956665485190101e-05,0.0,nan
190,72,4.7431697799582873e-05,0.0,nan
190,73,0.0546495819738997,0.875,nan
190,74,7.547339283112512e-05,0.0,nan
190,75,0.00010313055394404452,0.0,nan
190,76,5.355083778536081e-05,0.0,nan
190,77,2.7130199840707553e-05,0.0,nan
190,78,3.0955342172617617e-05,0.0,nan
190,79,8.962971260960062e-05,0.0,nan
190,80,8.915619952518903e-05,0.0,nan
190,81,3.9474781286508506e-05,0.0,nan
190,82,3.979087599256761e-05,0.0,nan
190,83,2.9899842957554958e-05,0.0,nan
190,84,6.533494677726291e-05,0.0,nan
190,85,6.92301867083254e-05,0.0,nan
190,86,1.731826625040738e-05,0.0,nan
190,87,0.00011146970937596666,0.0,nan
190,88,5.761326727831156e-05,0.0,nan
190,89,4.701197160906531e-05,0.0,nan
190,90,8.016875794576836e-05,0.0,nan
190,91,7.105601638598218e-05,0.0,nan
190,92,8.640605752485562e-05,0.0,nan
190,93,4.978620503338125e-05,0.0,nan
190,94,7.452204643921872e-05,0.0,nan
190,95,7.564480895477014e-05,0.0,nan
190,96,8.418597248977908e-05,0.0,nan
190,97,0.018058868729750453,0.4375,nan
190,98,0.00017641550364672518,0.0,nan
190,99,6.945522720066753e-05,0.0,nan
191,0,5.365944246740543e-05,0.0,nan
191,1,4.921428793337981e-05,0.0,nan
191,2,4.11644299662072e-05,0.0,nan
191,3,6.053203249872441e-05,0.0,nan
191,4,6.351902266583183e-05,0.0,nan
191,5,0.005154903989549097,0.125,nan
191,6,6.841466839488455e-05,0.0,nan
191,7,5.684879525805762e-05,0.0,nan
191,8,0.06965100481093343,1.0,nan
191,9,7.753043349786952e-05,0.0,nan
191,10,3.7439576977623894e-05,0.0,nan
191,11,0.00021508998604945063,0.0,nan
191,12,0.00015138661517012387,0.0,nan
191,13,0.00015076543377062283,0.0,nan
191,14,0.02143748056528487,0.5625,nan
191,15,4.074700904471294e-05,0.0,nan
191,16,0.01307733231541863,0.125,nan
191,17,6.532193901690669e-05,0.0,nan
191,18,0.00010895328540370443,0.0,nan
191,19,7.183418889165883e-05,0.0,nan
191,20,1.2134216548993119e-05,0.0,nan
191,21,2.8738038733224075e-05,0.0,nan
191,22,0.00014212578200698415,0.0,nan
191,23,0.00013307919340846053,0.0,nan
191,24,8.848775234047228e-05,0.0,nan
191,25,0.00011995507444142062,0.0,nan
191,26,0.00013423533988635378,0.0,nan
191,27,7.847086781031163e-05,0.0,nan
191,28,4.206051989512265e-05,0.0,nan
191,29,0.0001078705395082193,0.0,nan
191,30,3.7867084286822844e-05,0.0,nan
191,31,0.00016491904847171576,0.0,nan
191,32,0.00016383232583921234,0.0,nan
191,33,8.406105713220688e-05,0.0,nan
191,34,8.414221128535215e-05,0.0,nan
191,35,0.00014252196106217228,0.0,nan
191,36,8.412585654541039e-05,0.0,nan
191,37,1.468531115830146e-05,0.0,nan
191,38,0.042938766014641014,0.875,nan
191,39,7.98491374704123e-05,0.0,nan
191,40,0.00010183415738207867,0.0,nan
191,41,2.652294562283709e-05,0.0,nan
191,42,0.00015378829458286396,0.0,nan
191,43,6.604151264319946e-05,0.0,nan
191,44,3.2341208204443196e-05,0.0,nan
191,45,0.0011903534690514469,0.0,nan
191,46,0.00010841549410741975,0.0,nan
191,47,6.369814884607133e-05,0.0,nan
191,48,3.384291714324059e-05,0.0,nan
191,49,4.422870272668786e-05,0.0,nan
191,50,4.215355652556103e-05,0.0,nan
191,51,0.00013125955829247909,0.0,nan
191,52,0.00018303935509975266,0.0,nan
191,53,6.389864219610023e-05,0.0,nan
191,54,2.995191330243656e-05,0.0,nan
191,55,4.936254281727525e-05,0.0,nan
191,56,6.281080325007959e-05,0.0,nan
191,57,0.00010990112549113057,0.0,nan
191,58,4.0952506608424194e-05,0.0,nan
191,59,8.471347557095836e-05,0.0,nan
191,60,0.00011279054128439995,0.0,nan
191,61,9.125815168920876e-05,0.0,nan
191,62,0.0001650909320640322,0.0,nan
191,63,5.153361735995772e-05,0.0,nan
191,64,2.7574725650626943e-05,0.0,nan
191,65,7.323379271327181e-05,0.0,nan
191,66,0.0005038904325877098,0.0,nan
191,67,4.5740418123542746e-05,0.0,nan
191,68,8.071231831183487e-05,0.0,nan
191,69,0.00019024270566833873,0.0,nan
191,70,2.52237650943036e-05,0.0,nan
191,71,8.741513542504434e-05,0.0,nan
191,72,0.00018916157957772205,0.0,nan
191,73,0.028481885190727266,0.625,nan
191,74,7.870631294545468e-05,0.0,nan
191,75,7.611922456376337e-05,0.0,nan
191,76,0.0001328749759847424,0.0,nan
191,77,0.00018530961574578006,0.0,nan
191,78,9.212729568287534e-05,0.0,nan
191,79,1.659470345099528e-05,0.0,nan
191,80,9.903908996807957e-05,0.0,nan
191,81,7.942163522026491e-05,0.0,nan
191,82,0.00013525049874066181,0.0,nan
191,83,0.000100738125106892,0.0,nan
191,84,9.645107715038222e-05,0.0,nan
191,85,0.00011906254936239912,0.0,nan
191,86,4.4634229807263056e-05,0.0,nan
191,87,0.0003409005843252206,0.0,nan
191,88,5.39286757747696e-05,0.0,nan
191,89,9.261160434219803e-05,0.0,nan
191,90,5.223297003889028e-05,0.0,nan
191,91,4.801536509705806e-05,0.0,nan
191,92,3.5800126346081766e-05,0.0,nan
191,93,8.308444722910971e-05,0.0,nan
191,94,4.166058368380623e-05,0.0,nan
191,95,3.3256393355534846e-05,0.0,nan
191,96,4.507197927984022e-05,0.0,nan
191,97,0.01702587323200186,0.375,nan
191,98,0.0002240245976118179,0.0,nan
191,99,7.01498390357534e-05,0.0,nan
192,0,6.29357500558034e-05,0.0,nan
192,1,3.349046642143915e-05,0.0,nan
192,2,4.446747841373518e-05,0.0,nan
192,3,0.00010183868919504624,0.0,nan
192,4,6.857322217346246e-05,0.0,nan
192,5,0.056475498557448905,0.9375,nan
192,6,6.84824629416656e-05,0.0,nan
192,7,4.0732805939884046e-05,0.0,nan
192,8,0.04109232894481541,1.0,nan
192,9,4.0639471980749136e-05,0.0,nan
192,10,4.2554324587894505e-05,0.0,nan
192,11,8.480195619211312e-05,0.0,nan
192,12,0.00016664034901841255,0.0,nan
192,13,9.392565414226308e-05,0.0,nan
192,14,0.027323651859758734,0.6875,nan
192,15,8.35226367439447e-05,0.0,nan
192,16,0.016730321966413664,0.3125,nan
192,17,2.1866716076116812e-05,0.0,nan
192,18,3.647540763420474e-05,0.0,nan
192,19,7.603028964874795e-05,0.0,nan
192,20,3.785672420831437e-05,0.0,nan
192,21,2.2146593233339264e-05,0.0,nan
192,22,5.946000783062842e-05,0.0,nan
192,23,0.00011117817117365049,0.0,nan
192,24,7.983856167377969e-05,0.0,nan
192,25,7.824905432258075e-05,0.0,nan
192,26,2.698087274933467e-05,0.0,nan
192,27,4.363436872787384e-05,0.0,nan
192,28,9.985231233344634e-05,0.0,nan
192,29,3.65146383157713e-05,0.0,nan
192,30,2.4602783882152893e-05,0.0,nan
192,31,4.436079686125769e-05,0.0,nan
192,32,5.296794756656262e-05,0.0,nan
192,33,4.0925756212668635e-05,0.0,nan
192,34,7.533502425451891e-05,0.0,nan
192,35,6.433649698447968e-05,0.0,nan
192,36,2.9716213304264403e-05,0.0,nan
192,37,2.2733801001582154e-05,0.0,nan
192,38,0.04101015304376235,0.75,nan
192,39,2.6343731130023706e-05,0.0,nan
192,40,0.0002245262415519235,0.0,nan
192,41,3.3547773700482136e-05,0.0,nan
192,42,6.657296475400681e-05,0.0,nan
192,43,4.443348452617851e-05,0.0,nan
192,44,7.230086835797095e-05,0.0,nan
192,45,4.313464933026228e-05,0.0,nan
192,46,5.619762641493805e-05,0.0,nan
192,47,1.585138882257392e-05,0.0,nan
192,48,4.1973268768674064e-05,0.0,nan
192,49,2.4105865831181457e-05,0.0,nan
192,50,1.4790151617965527e-05,0.0,nan
192,51,6.042545403490388e-05,0.0,nan
192,52,2.6077300054357698e-05,0.0,nan
192,53,5.911049427732963e-05,0.0,nan
192,54,2.7866142495474808e-05,0.0,nan
192,55,4.011622631013241e-05,0.0,nan
192,56,7.374931659077572e-05,0.0,nan
192,57,5.055742847020957e-05,0.0,nan
192,58,4.517377733996155e-05,0.0,nan
192,59,5.266831497868893e-05,0.0,nan
192,60,2.224803612489071e-05,0.0,nan
192,61,4.614774707453157e-05,0.0,nan
192,62,4.3047606669805913e-05,0.0,nan
192,63,2.7680994373774113e-05,0.0,nan
192,64,2.789657017646029e-05,0.0,nan
192,65,6.935733032947241e-05,0.0,nan
192,66,0.00010722779438432974,0.0,nan
192,67,4.489011620777501e-05,0.0,nan
192,68,0.00010683055650649368,0.0,nan
192,69,3.1168024251189283e-05,0.0,nan
192,70,1.688876693915268e-05,0.0,nan
192,71,2.530625943281404e-05,0.0,nan
192,72,2.9012645444560005e-05,0.0,nan
192,73,0.05655591438110187,0.75,nan
192,74,0.00013951889186453355,0.0,nan
192,75,3.304784860467564e-05,0.0,nan
192,76,4.277702696178322e-05,0.0,nan
192,77,3.559265775501852e-05,0.0,nan
192,78,7.311864089021209e-05,0.0,nan
192,79,7.453671390779344e-05,0.0,nan
192,80,2.402678183896817e-05,0.0,nan
192,81,4.347080577227394e-05,0.0,nan
192,82,6.180152174873978e-05,0.0,nan
192,83,4.464220684473541e-05,0.0,nan
192,84,2.6902629141904858e-05,0.0,nan
192,85,4.2670843862860004e-05,0.0,nan
192,86,8.548562413130453e-05,0.0,nan
192,87,5.582085516165292e-05,0.0,nan
192,88,4.8920065795862695e-05,0.0,nan
192,89,4.346780609493856e-05,0.0,nan
192,90,3.448881114883802e-05,0.0,nan
192,91,0.00012550715830968368,0.0,nan
192,92,3.3118409732736364e-05,0.0,nan
192,93,3.792411009925474e-05,0.0,nan
192,94,4.3545567471178796e-05,0.0,nan
192,95,3.359708026014129e-05,0.0,nan
192,96,3.602964507378265e-05,0.0,nan
192,97,0.02441474402974026,0.6875,nan
192,98,6.98024861738341e-05,0.0,nan
192,99,2.8301260597585007e-05,0.0,nan
193,0,6.395755587191329e-05,0.0,nan
193,1,4.7725205156983376e-05,0.0,nan
193,2,5.083014294056429e-05,0.0,nan
193,3,9.092637737868625e-05,0.0,nan
193,4,1.435161183589831e-05,0.0,nan
193,5,0.027265837560295894,0.75,nan
193,6,0.0001223812447599527,0.0,nan
193,7,9.648885256165112e-05,0.0,nan
193,8,0.062161587414458964,0.9375,nan
193,9,5.0327811203276137e-05,0.0,nan
193,10,2.7373875878400245e-05,0.0,nan
193,11,0.00034357680533289906,0.0,nan
193,12,5.101171852889176e-05,0.0,nan
193,13,0.0001470475649840549,0.0,nan
193,14,0.025567494330455055,0.5625,nan
193,15,0.00010152736877936763,0.0,nan
193,16,0.018797817755202326,0.5,nan
193,17,7.632038218854092e-06,0.0,nan
193,18,4.182831040202239e-05,0.0,nan
193,19,5.32192402673849e-05,0.0,nan
193,20,4.100112529929964e-05,0.0,nan
193,21,6.339162010379396e-05,0.0,nan
193,22,4.407641940105041e-05,0.0,nan
193,23,7.819153100113729e-05,0.0,nan
193,24,0.0001946537691015673,0.0,nan
193,25,0.00011472103875117661,0.0,nan
193,26,9.923254677878147e-05,0.0,nan
193,27,0.00012929575702526084,0.0,nan
193,28,0.00013499913830916557,0.0,nan
193,29,3.304109396270242e-05,0.0,nan
193,30,6.730937831153049e-05,0.0,nan
193,31,4.7582285348950875e-05,0.0,nan
193,32,2.9861886039370655e-05,0.0,nan
193,33,6.642398273458037e-05,0.0,nan
193,34,1.9357230874133997e-05,0.0,nan
193,35,0.00010018008725649782,0.0,nan
193,36,0.00012348069665444185,0.0,nan
193,37,5.8439488166693145e-05,0.0,nan
193,38,0.05611589477370692,0.875,nan
193,39,8.950094755644003e-05,0.0,nan
193,40,3.907462007849921e-05,0.0,nan
193,41,5.715669738538762e-05,0.0,nan
193,42,9.665833176105973e-05,0.0,nan
193,43,3.595057494618015e-05,0.0,nan
193,44,4.633615128904222e-05,0.0,nan
193,45,0.00027066732945350803,0.0,nan
193,46,8.546393463331877e-05,0.0,nan
193,47,2.243740774205298e-05,0.0,nan
193,48,9.087376619726687e-05,0.0,nan
193,49,1.5515101184875792e-05,0.0,nan
193,50,0.00021045513919721424,0.0,nan
193,51,9.442454443585143e-05,0.0,nan
193,52,4.931083178427599e-05,0.0,nan
193,53,4.765846187122474e-05,0.0,nan
193,54,0.00014046202533300582,0.0,nan
193,55,0.00010509308140293628,0.0,nan
193,56,0.00023495810101110802,0.0,nan
193,57,6.532882114027449e-05,0.0,nan
193,58,6.396366842023723e-05,0.0,nan
193,59,5.61471602209486e-05,0.0,nan
193,60,4.278104231992401e-05,0.0,nan
193,61,0.00012213232831428966,0.0,nan
193,62,0.00012442679257121026,0.0,nan
193,63,4.468121713595996e-05,0.0,nan
193,64,6.413969742941349e-05,0.0,nan
193,65,4.7535702580433323e-05,0.0,nan
193,66,0.00011168344400359215,0.0,nan
193,67,1.5148078786158832e-05,0.0,nan
193,68,6.773922741334382e-05,0.0,nan
193,69,4.3797137341134275e-05,0.0,nan
193,70,3.687532172581263e-05,0.0,nan
193,71,9.664529727643922e-05,0.0,nan
193,72,5.7308983046670516e-05,0.0,nan
193,73,0.028432916824566938,0.5625,nan
193,74,4.02170482837169e-05,0.0,nan
193,75,3.013363197271873e-05,0.0,nan
193,76,7.606343570009717e-05,0.0,nan
193,77,6.353090946929803e-05,0.0,nan
193,78,0.00010285876048393941,0.0,nan
193,79,6.054209080233679e-05,0.0,nan
193,80,5.765461766207529e-05,0.0,nan
193,81,0.00013766660063778885,0.0,nan
193,82,7.499680324689964e-05,0.0,nan
193,83,0.0001197681539582429,0.0,nan
193,84,1.6397904330386758e-05,0.0,nan
193,85,3.823422830137489e-05,0.0,nan
193,86,8.420432658276189e-05,0.0,nan
193,87,6.574157320992746e-05,0.0,nan
193,88,3.155439650160397e-05,0.0,nan
193,89,0.00010181483221829093,0.0,nan
193,90,0.0001905179442138755,0.0,nan
193,91,2.8057899174442687e-05,0.0,nan
193,92,6.732936560876956e-05,0.0,nan
193,93,8.437823051857492e-05,0.0,nan
193,94,0.0001279296049139234,0.0,nan
193,95,9.43294797380313e-05,0.0,nan
193,96,3.113236916256029e-05,0.0,nan
193,97,0.07587822270943324,0.9375,nan
193,98,3.642471388890127e-05,0.0,nan
193,99,4.148944454080466e-05,0.0,nan
194,0,3.319497445765085e-05,0.0,nan
194,1,6.489234669429311e-05,0.0,nan
194,2,0.00016823908917304909,0.0,nan
194,3,0.00011450176700219397,0.0,nan
194,4,9.448942629527483e-05,0.0,nan
194,5,4.9107407665377776e-05,0.0,nan
194,6,0.0001447518288929617,0.0,nan
194,7,3.563235103871199e-05,0.0,nan
194,8,0.06393650521886163,0.9375,nan
194,9,5.626876046533643e-05,0.0,nan
194,10,3.209082743022992e-05,0.0,nan
194,11,0.00011662615892376932,0.0,nan
194,12,9.917400595922454e-05,0.0,nan
194,13,0.00010764761714502631,0.0,nan
194,14,0.02797444043631848,0.625,nan
194,15,5.3241601052255405e-05,0.0,nan
194,16,0.01470606839876273,0.125,nan
194,17,7.238711275459719e-05,0.0,nan
194,18,0.00010853713239036154,0.0,nan
194,19,0.00010017989250015922,0.0,nan
194,20,6.641065777976114e-05,0.0,nan
194,21,8.244829498145418e-06,0.0,nan
194,22,0.00013442141467301605,0.0,nan
194,23,5.3743128297141496e-05,0.0,nan
194,24,0.00019466411074872672,0.0,nan
194,25,2.7293895985300853e-05,0.0,nan
194,26,2.787000237537393e-05,0.0,nan
194,27,9.650021201936173e-05,0.0,nan
194,28,4.888374966944519e-05,0.0,nan
194,29,0.00011352321897966718,0.0,nan
194,30,0.00017066974825922832,0.0,nan
194,31,4.172825789983814e-05,0.0,nan
194,32,0.00016456909901057604,0.0,nan
194,33,7.948635601931757e-05,0.0,nan
194,34,2.4624446088821406e-05,0.0,nan
194,35,3.156244196699908e-05,0.0,nan
194,36,0.00017398211281531632,0.0,nan
194,37,2.6320346742962168e-05,0.0,nan
194,38,0.0645001585803656,1.0,nan
194,39,0.00012123137849877713,0.0,nan
194,40,7.371346121155158e-05,0.0,nan
194,41,8.092635826762366e-05,0.0,nan
194,42,0.00010373116433715429,0.0,nan
194,43,3.763268739488081e-05,0.0,nan
194,44,0.00011140885546039888,0.0,nan
194,45,0.00010543065229005647,0.0,nan
194,46,0.00015485968486911737,0.0,nan
194,47,7.071424013494051e-05,0.0,nan
194,48,2.207834953079189e-05,0.0,nan
194,49,7.802759065065805e-05,0.0,nan
194,50,7.954528605545258e-05,0.0,nan
194,51,0.00012416345584997913,0.0,nan
194,52,2.9663635860524682e-05,0.0,nan
194,53,8.346196547023144e-05,0.0,nan
194,54,4.1237030960357865e-05,0.0,nan
194,55,0.00010392061486134093,0.0,nan
194,56,8.778588457958807e-05,0.0,nan
194,57,3.979080013808796e-05,0.0,nan
194,58,9.254895072801584e-05,0.0,nan
194,59,7.393120831386711e-05,0.0,nan
194,60,9.646511691004543e-05,0.0,nan
194,61,5.358702685828194e-05,0.0,nan
194,62,6.291063895118583e-05,0.0,nan
194,63,6.56199623139769e-05,0.0,nan
194,64,0.0002859038092956436,0.0,nan
194,65,3.6255219962987214e-05,0.0,nan
194,66,4.389776656572264e-05,0.0,nan
194,67,2.7374327322915313e-05,0.0,nan
194,68,0.00024352657420620853,0.0,nan
194,69,0.00017161672866437236,0.0,nan
194,70,0.00014246697411699638,0.0,nan
194,71,5.561931004697901e-05,0.0,nan
194,72,6.238984733835274e-05,0.0,nan
194,73,0.08969866400986848,0.9375,nan
194,74,4.0371891266399554e-05,0.0,nan
194,75,6.142028497972389e-05,0.0,nan
194,76,0.00018903384604764017,0.0,nan
194,77,5.6198151969950465e-05,0.0,nan
194,78,0.00011215518827119913,0.0,nan
194,79,6.877334020672507e-05,0.0,nan
194,80,4.4861173773711833e-05,0.0,nan
194,81,9.116061427609184e-05,0.0,nan
194,82,2.2604023371170914e-05,0.0,nan
194,83,0.00012065043279421575,0.0,nan
194,84,6.626209508682409e-05,0.0,nan
194,85,7.015771210169391e-05,0.0,nan
194,86,6.633183167486202e-05,0.0,nan
194,87,0.0022949078769203424,0.0625,nan
194,88,0.00012452673361453538,0.0,nan
194,89,7.765801136825042e-05,0.0,nan
194,90,0.00010968825716478834,0.0,nan
194,91,6.17943850342345e-05,0.0,nan
194,92,5.3630999208720905e-05,0.0,nan
194,93,0.00014264441151399382,0.0,nan
194,94,6.32045281195146e-05,0.0,nan
194,95,0.0001644006582545476,0.0,nan
194,96,0.00010587899494263742,0.0,nan
194,97,0.022884914184873983,0.5625,nan
194,98,4.727698581006623e-05,0.0,nan
194,99,2.1619663412044708e-05,0.0,nan
195,0,4.6369174563594444e-05,0.0,nan
195,1,0.00010660049776396731,0.0,nan
195,2,6.365767504110827e-05,0.0,nan
195,3,2.873240591509331e-05,0.0,nan
195,4,6.656770657903874e-05,0.0,nan
195,5,0.06104655018989927,0.9375,nan
195,6,0.00025612520267961756,0.0,nan
195,7,3.7387385981195315e-05,0.0,nan
195,8,0.04587212104990972,0.9375,nan
195,9,0.00017121822486481665,0.0,nan
195,10,3.5354668590499195e-05,0.0,nan
195,11,3.241849520511715e-05,0.0,nan
195,12,0.00021223094195473312,0.0,nan
195,13,0.00013002319067604887,0.0,nan
195,14,0.020884923700217845,0.5,nan
195,15,3.419955253013245e-05,0.0,nan
195,16,0.01621080359055796,0.1875,nan
195,17,0.0001911530401216855,0.0,nan
195,18,3.101313161668776e-05,0.0,nan
195,19,1.3182163266285886e-05,0.0,nan
195,20,2.0743378531997184e-05,0.0,nan
195,21,8.518797265558929e-05,0.0,nan
195,22,6.936078163265704e-05,0.0,nan
195,23,6.997849772115804e-05,0.0,nan
195,24,0.0002304840156529578,0.0,nan
195,25,6.143180876596967e-05,0.0,nan
195,26,6.0046555190990804e-05,0.0,nan
195,27,4.124800745899134e-05,0.0,nan
195,28,6.730428209879086e-05,0.0,nan
195,29,4.570302017149286e-05,0.0,nan
195,30,0.0001355684407265389,0.0,nan
195,31,7.149547094994799e-05,0.0,nan
195,32,5.2289006003424835e-05,0.0,nan
195,33,0.00012653960152112485,0.0,nan
195,34,8.387187827892944e-05,0.0,nan
195,35,3.761099888864575e-05,0.0,nan
195,36,8.323295826583148e-05,0.0,nan
195,37,8.431072152426973e-05,0.0,nan
195,38,0.020511370699915293,0.5,nan
195,39,6.343447077340522e-05,0.0,nan
195,40,0.00012706493878877445,0.0,nan
195,41,7.119569133139544e-05,0.0,nan
195,42,5.53340431734205e-05,0.0,nan
195,43,9.260993808401733e-05,0.0,nan
195,44,6.771072635410638e-05,0.0,nan
195,45,0.00015384774624582992,0.0,nan
195,46,2.876442317109145e-05,0.0,nan
195,47,3.4700894428940787e-05,0.0,nan
195,48,3.0417104724463737e-05,0.0,nan
195,49,7.74967557625641e-06,0.0,nan
195,50,3.366396705424184e-05,0.0,nan
195,51,3.466808328731391e-05,0.0,nan
195,52,7.688952830333538e-05,0.0,nan
195,53,7.139770261781893e-05,0.0,nan
195,54,1.8385289429224376e-05,0.0,nan
195,55,7.062108873740172e-05,0.0,nan
195,56,7.940212460482354e-05,0.0,nan
195,57,3.6289423044162815e-05,0.0,nan
195,58,5.842144686313508e-05,0.0,nan
195,59,1.875230574485165e-05,0.0,nan
195,60,8.119239677644742e-05,0.0,nan
195,61,8.939279536771054e-05,0.0,nan
195,62,5.611038715584082e-05,0.0,nan
195,63,2.603512448448992e-05,0.0,nan
195,64,3.1606946215567645e-05,0.0,nan
195,65,5.899625490410245e-05,0.0,nan
195,66,4.548555172056172e-05,0.0,nan
195,67,5.756330402848006e-05,0.0,nan
195,68,0.00046707896140396187,0.0,nan
195,69,5.2283237124111105e-05,0.0,nan
195,70,2.6600084077351932e-05,0.0,nan
195,71,4.1076511084983794e-05,0.0,nan
195,72,6.140702559477855e-05,0.0,nan
195,73,0.04479757738447841,0.75,nan
195,74,9.108703825683519e-05,0.0,nan
195,75,5.341134520966914e-05,0.0,nan
195,76,3.613595901267734e-05,0.0,nan
195,77,2.0275843299361597e-05,0.0,nan
195,78,5.245785889332451e-05,0.0,nan
195,79,8.203174979189924e-05,0.0,nan
195,80,6.317407695643953e-05,0.0,nan
195,81,5.761803407891043e-05,0.0,nan
195,82,8.461753954599037e-05,0.0,nan
195,83,1.512552259275469e-05,0.0,nan
195,84,7.491082705431552e-05,0.0,nan
195,85,6.789465705050353e-05,0.0,nan
195,86,8.376100812957542e-05,0.0,nan
195,87,0.00012196610767922146,0.0,nan
195,88,2.8985775405444376e-05,0.0,nan
195,89,3.911226790949705e-05,0.0,nan
195,90,4.042165782358605e-05,0.0,nan
195,91,1.2630945573798622e-05,0.0,nan
195,92,5.039729846325049e-05,0.0,nan
195,93,8.659208979954561e-05,0.0,nan
195,94,4.4101417964667376e-05,0.0,nan
195,95,0.0001240913912135066,0.0,nan
195,96,4.7933706983538366e-05,0.0,nan
195,97,0.025854283911126052,0.625,nan
195,98,2.7570881557616733e-05,0.0,nan
195,99,5.927469532437134e-05,0.0,nan
196,0,0.00011552289577978472,0.0,nan
196,1,7.085847335293278e-05,0.0,nan
196,2,3.1809084808258526e-05,0.0,nan
196,3,7.181107773801264e-05,0.0,nan
196,4,4.817076773540364e-05,0.0,nan
196,5,0.06342479978874449,0.9375,nan
196,6,2.0701697175857908e-05,0.0,nan
196,7,3.798204079469015e-05,0.0,nan
196,8,0.07544736754116549,1.0,nan
196,9,9.303597802986637e-05,0.0,nan
196,10,3.9149788916846565e-05,0.0,nan
196,11,0.00011156928817444576,0.0,nan
196,12,7.901022415514059e-05,0.0,nan
196,13,5.985145620779488e-05,0.0,nan
196,14,0.02042442301652013,0.5625,nan
196,15,9.03066012525756e-05,0.0,nan
196,16,0.013390378642078506,0.25,nan
196,17,5.3943013611592303e-05,0.0,nan
196,18,4.7616733871434616e-05,0.0,nan
196,19,8.610556075553467e-05,0.0,nan
196,20,4.304237433836242e-05,0.0,nan
196,21,2.7695778010113245e-05,0.0,nan
196,22,0.00017387256096614462,0.0,nan
196,23,6.320428490515897e-05,0.0,nan
196,24,7.864706244152474e-05,0.0,nan
196,25,6.174709178305359e-05,0.0,nan
196,26,3.740925828186343e-05,0.0,nan
196,27,5.515399423202946e-05,0.0,nan
196,28,3.816843254056366e-05,0.0,nan
196,29,7.362233938067091e-05,0.0,nan
196,30,8.762688594849484e-05,0.0,nan
196,31,6.935753130038637e-05,0.0,nan
196,32,0.00010587656944485835,0.0,nan
196,33,4.6562912162394086e-05,0.0,nan
196,34,4.220226780906666e-05,0.0,nan
196,35,9.336266134692023e-05,0.0,nan
196,36,7.318983706897569e-05,0.0,nan
196,37,7.865836175392283e-05,0.0,nan
196,38,0.02328472429761804,0.625,nan
196,39,6.420206816992917e-05,0.0,nan
196,40,3.8493091465025514e-05,0.0,nan
196,41,4.24918023861866e-05,0.0,nan
196,42,9.060486131683425e-05,0.0,nan
196,43,3.643744138880139e-05,0.0,nan
196,44,7.461733076460961e-05,0.0,nan
196,45,0.00012728828877671443,0.0,nan
196,46,6.232772139333335e-05,0.0,nan
196,47,0.00010946285465582608,0.0,nan
196,48,7.15812705655717e-05,0.0,nan
196,49,1.3781870280842361e-05,0.0,nan
196,50,6.41392462849496e-05,0.0,nan
196,51,0.00010705679897893083,0.0,nan
196,52,6.574446695667153e-05,0.0,nan
196,53,6.794345111275368e-05,0.0,nan
196,54,3.217868166423935e-05,0.0,nan
196,55,0.0001553979859358442,0.0,nan
196,56,0.0001846279268412996,0.0,nan
196,57,4.4062944372574227e-05,0.0,nan
196,58,6.158387552724671e-05,0.0,nan
196,59,7.029898472813434e-05,0.0,nan
196,60,9.670623910649549e-05,0.0,nan
196,61,5.380075314422897e-05,0.0,nan
196,62,5.165523543111004e-05,0.0,nan
196,63,3.869985731960142e-05,0.0,nan
196,64,8.064486173635137e-05,0.0,nan
196,65,7.414604614615763e-05,0.0,nan
196,66,4.0102041404055006e-05,0.0,nan
196,67,5.130382488217321e-05,0.0,nan
196,68,8.844470154948427e-05,0.0,nan
196,69,5.12635741942847e-05,0.0,nan
196,70,2.2316192305168224e-05,0.0,nan
196,71,5.4787418439609055e-05,0.0,nan
196,72,5.60329566286585e-05,0.0,nan
196,73,0.06665637197626183,1.0,nan
196,74,1.7739221694330744e-05,0.0,nan
196,75,8.01556346659466e-05,0.0,nan
196,76,2.5792162932343134e-05,0.0,nan
196,77,5.4618737566618754e-05,0.0,nan
196,78,0.0001223460240807897,0.0,nan
196,79,3.9338857812216796e-05,0.0,nan
196,80,0.00011231450406588213,0.0,nan
196,81,4.395575107629247e-05,0.0,nan
196,82,5.225201716434833e-05,0.0,nan
196,83,3.1766699924896924e-05,0.0,nan
196,84,1.7667721660703986e-05,0.0,nan
196,85,4.0058154229572054e-05,0.0,nan
196,86,8.276890318670962e-05,0.0,nan
196,87,0.0001201831355722194,0.0,nan
196,88,5.910065834114038e-05,0.0,nan
196,89,0.0002155695598976263,0.0,nan
196,90,4.3401963898642185e-05,0.0,nan
196,91,3.856349514628831e-05,0.0,nan
196,92,5.500415802666256e-05,0.0,nan
196,93,0.00014573754007387522,0.0,nan
196,94,3.966991228984365e-05,0.0,nan
196,95,3.042434466719657e-05,0.0,nan
196,96,2.493193006972715e-05,0.0,nan
196,97,0.047448189961756496,0.6875,nan
196,98,5.031859884679564e-05,0.0,nan
196,99,5.2436232168728955e-05,0.0,nan
197,0,7.419898023145885e-05,0.0,nan
197,1,9.099345918578473e-05,0.0,nan
197,2,8.801765417766348e-06,0.0,nan
197,3,6.369900211211907e-05,0.0,nan
197,4,2.3482684421150878e-05,0.0,nan
197,5,0.02661913983851833,0.6875,nan
197,6,4.4017767360084135e-05,0.0,nan
197,7,6.145480229271565e-05,0.0,nan
197,8,0.04286052406051488,0.9375,nan
197,9,6.062078104373426e-05,0.0,nan
197,10,3.22689715757433e-05,0.0,nan
197,11,0.00012772915806211,0.0,nan
197,12,0.00015619464356159785,0.0,nan
197,13,7.7865369590446e-05,0.0,nan
197,14,0.06406784299773621,0.875,nan
197,15,0.0001019356892787212,0.0,nan
197,16,0.013609035384322798,0.1875,nan
197,17,8.946554013352459e-05,0.0,nan
197,18,7.558735050570747e-05,0.0,nan
197,19,5.503275471087853e-05,0.0,nan
197,20,5.6044945198705905e-05,0.0,nan
197,21,3.6441590247255354e-05,0.0,nan
197,22,8.598283126020161e-05,0.0,nan
197,23,0.00013335526747161497,0.0,nan
197,24,0.00017926364070590118,0.0,nan
197,25,6.125672020788188e-05,0.0,nan
197,26,6.688045423538539e-05,0.0,nan
197,27,4.5563645992544177e-05,0.0,nan
197,28,3.8910215571215086e-05,0.0,nan
197,29,4.770029722624856e-05,0.0,nan
197,30,0.00011632732306178971,0.0,nan
197,31,3.4786605576020226e-05,0.0,nan
197,32,5.84642050375091e-05,0.0,nan
197,33,8.922509650249047e-05,0.0,nan
197,34,0.0001264524994605924,0.0,nan
197,35,0.00011053296847802071,0.0,nan
197,36,1.8465561642213735e-05,0.0,nan
197,37,0.00010376166727465044,0.0,nan
197,38,0.04661834467122693,0.75,nan
197,39,3.915148673241673e-05,0.0,nan
197,40,0.00023678912477769482,0.0,nan
197,41,2.544481775316547e-05,0.0,nan
197,42,7.529409102852145e-05,0.0,nan
197,43,8.406329764888083e-05,0.0,nan
197,44,3.5427563682446956e-05,0.0,nan
197,45,0.00019361915388193605,0.0,nan
197,46,1.1228986608163853e-05,0.0,nan
197,47,7.257401811453141e-05,0.0,nan
197,48,4.708716592690262e-05,0.0,nan
197,49,5.058690096865684e-05,0.0,nan
197,50,9.245144923165882e-05,0.0,nan
197,51,3.926634507025903e-05,0.0,nan
197,52,4.503608998936165e-05,0.0,nan
197,53,7.10647898632974e-05,0.0,nan
197,54,0.00010242472365377724,0.0,nan
197,55,7.89810383277323e-05,0.0,nan
197,56,1.2119757818572652e-05,0.0,nan
197,57,1.1586520692853645e-06,0.0,nan
197,58,2.8772675681566946e-05,0.0,nan
197,59,1.2896572192058125e-05,0.0,nan
197,60,4.403670040743246e-05,0.0,nan
197,61,7.438240524469097e-05,0.0,nan
197,62,5.9900461439658855e-05,0.0,nan
197,63,8.863162595606285e-05,0.0,nan
197,64,4.154095410112215e-05,0.0,nan
197,65,8.503459752109994e-05,0.0,nan
197,66,3.907598538156579e-05,0.0,nan
197,67,1.1201759616899604e-05,0.0,nan
197,68,0.00025849362216015824,0.0,nan
197,69,9.012462054457332e-05,0.0,nan
197,70,3.318091389351362e-05,0.0,nan
197,71,6.205326157696072e-05,0.0,nan
197,72,6.52185637216829e-05,0.0,nan
197,73,0.0484459552530916,0.875,nan
197,74,0.00015494352160609298,0.0,nan
197,75,6.813071175401769e-05,0.0,nan
197,76,2.2276113767953295e-05,0.0,nan
197,77,5.172055157226089e-05,0.0,nan
197,78,6.21444208002119e-05,0.0,nan
197,79,0.00011114256054353401,0.0,nan
197,80,2.9656791408224357e-05,0.0,nan
197,81,5.959719595550035e-05,0.0,nan
197,82,3.400828532711181e-05,0.0,nan
197,83,4.437896500489583e-05,0.0,nan
197,84,4.025955580157308e-05,0.0,nan
197,85,6.526422977681214e-05,0.0,nan
197,86,5.746400761796586e-05,0.0,nan
197,87,0.00014641098568296746,0.0,nan
197,88,2.199112646860163e-05,0.0,nan
197,89,8.443984035036686e-05,0.0,nan
197,90,4.873940702071575e-05,0.0,nan
197,91,3.006689300319152e-05,0.0,nan
197,92,1.9008958306795786e-05,0.0,nan
197,93,0.00018137084531396155,0.0,nan
197,94,2.1673885475814465e-05,0.0,nan
197,95,3.111174963941075e-05,0.0,nan
197,96,3.463441725763132e-05,0.0,nan
197,97,0.013802007857662653,0.3125,nan
197,98,8.089183168404635e-05,0.0,nan
197,99,4.1464762965956704e-05,0.0,nan
198,0,1.4853970518320746e-05,0.0,nan
198,1,4.738055017836222e-05,0.0,nan
198,2,5.337931132945587e-05,0.0,nan
198,3,4.065033607497217e-05,0.0,nan
198,4,4.189777042296698e-05,0.0,nan
198,5,0.04585607768069906,0.625,nan
198,6,3.471982491036537e-05,0.0,nan
198,7,8.258456625811803e-05,0.0,nan
198,8,0.0591743831347689,1.0,nan
198,9,4.072221930832959e-05,0.0,nan
198,10,4.075299734522761e-05,0.0,nan
198,11,0.00011397289803471434,0.0,nan
198,12,3.873915806666719e-05,0.0,nan
198,13,3.077942147689042e-05,0.0,nan
198,14,0.02564373211802993,0.5,nan
198,15,5.0497190856683676e-05,0.0,nan
198,16,0.02508357403278855,0.5625,nan
198,17,1.62922497409378e-05,0.0,nan
198,18,4.47563025991557e-05,0.0,nan
198,19,3.759206723550216e-05,0.0,nan
198,20,3.225893844172582e-05,0.0,nan
198,21,1.793130616090104e-05,0.0,nan
198,22,1.7460266843427585e-05,0.0,nan
198,23,4.325902367919378e-05,0.0,nan
198,24,0.00010653670336452191,0.0,nan
198,25,7.154303044432362e-05,0.0,nan
198,26,5.409022551721186e-05,0.0,nan
198,27,3.753417271873139e-05,0.0,nan
198,28,1.4897118146929414e-05,0.0,nan
198,29,6.346531443975211e-05,0.0,nan
198,30,0.0001172135776850454,0.0,nan
198,31,1.1255594804374628e-05,0.0,nan
198,32,3.4449992913590454e-05,0.0,nan
198,33,3.480126046571095e-05,0.0,nan
198,34,3.812047383112196e-05,0.0,nan
198,35,1.7801292665402886e-05,0.0,nan
198,36,3.6791376909996236e-05,0.0,nan
198,37,3.4509903579276994e-06,0.0,nan
198,38,0.03837743452117056,0.8125,nan
198,39,6.642948197642573e-05,0.0,nan
198,40,3.3289800867739285e-05,0.0,nan
198,41,2.301659199732217e-05,0.0,nan
198,42,3.0366635797921798e-05,0.0,nan
198,43,2.077876694094801e-05,0.0,nan
198,44,2.3189922769793083e-05,0.0,nan
198,45,5.578754604359481e-05,0.0,nan
198,46,3.893665054690151e-05,0.0,nan
198,47,4.44282755460277e-05,0.0,nan
198,48,3.437119852727039e-05,0.0,nan
198,49,0.0001583578430077005,0.0,nan
198,50,3.878568684438107e-05,0.0,nan
198,51,1.2938483714914083e-05,0.0,nan
198,52,2.543719794701618e-05,0.0,nan
198,53,4.524719061686177e-05,0.0,nan
198,54,3.544328146977195e-05,0.0,nan
198,55,1.7290997064777867e-05,0.0,nan
198,56,0.0001482346651483489,0.0,nan
198,57,7.850440602723562e-05,0.0,nan
198,58,7.841812922262e-05,0.0,nan
198,59,3.87064554357933e-05,0.0,nan
198,60,1.7207977912794033e-05,0.0,nan
198,61,4.566187496114703e-05,0.0,nan
198,62,6.720484035873978e-05,0.0,nan
198,63,6.804891562716196e-05,0.0,nan
198,64,7.555108126551394e-05,0.0,nan
198,65,0.00011556602413022692,0.0,nan
198,66,3.1255312524839786e-05,0.0,nan
198,67,5.858140414006095e-05,0.0,nan
198,68,5.7753032617332244e-05,0.0,nan
198,69,5.2926451991061266e-05,0.0,nan
198,70,5.9047234533126636e-05,0.0,nan
198,71,1.1776148326281859e-05,0.0,nan
198,72,3.843604291904112e-05,0.0,nan
198,73,0.07350565332502125,0.875,nan
198,74,4.64602651847304e-05,0.0,nan
198,75,2.652421527434815e-05,0.0,nan
198,76,2.5038981276939716e-05,0.0,nan
198,77,4.15631900417207e-05,0.0,nan
198,78,1.645181176907911e-05,0.0,nan
198,79,7.926950425591443e-05,0.0,nan
198,80,3.494378903958995e-05,0.0,nan
198,81,3.502057594521646e-05,0.0,nan
198,82,4.9957778943847896e-05,0.0,nan
198,83,3.555718600868091e-05,0.0,nan
198,84,2.7575865855367852e-05,0.0,nan
198,85,5.031552678319932e-05,0.0,nan
198,86,8.022933751947638e-05,0.0,nan
198,87,5.60491984771283e-05,0.0,nan
198,88,3.438672696385231e-05,0.0,nan
198,89,4.874970933406401e-05,0.0,nan
198,90,8.087435719193286e-05,0.0,nan
198,91,3.4428604924472476e-05,0.0,nan
198,92,4.1701741153293414e-05,0.0,nan
198,93,6.451789771623573e-05,0.0,nan
198,94,4.836710115118666e-05,0.0,nan
198,95,4.669711690710253e-05,0.0,nan
198,96,5.197958574042631e-05,0.0,nan
198,97,0.026472735292319916,0.875,nan
198,98,0.00021968201516812355,0.0,nan
198,99,6.732110794705496e-05,0.0,nan
199,0,0.00016492021647471824,0.0,6.9980684850784e-05
199,1,0.00012347232502652817,0.0,0.0002270195585579566
199,2,1.638816820890298e-05,0.0,6.276075166146438e-06
199,3,9.664003445322586e-05,0.0,0.00015121206263198113
199,4,6.782432416202568e-05,0.0,3.5956093064066896e-05
199,5,0.06371676976169793,0.9375,0.2822790323919472
199,6,0.00013746084401418344,0.0,4.89188715531604e-05
199,7,5.776798451817104e-05,0.0,9.108952729384722e-06
199,8,0.04454776555236317,0.9375,0.115353322889739
199,9,7.044166829698787e-05,0.0,2.3900472052341543e-05
199,10,4.5703600430550744e-05,0.0,5.46939557061701e-06
199,11,6.493870775474799e-05,0.0,0.00014135326990253678
199,12,4.295080504010007e-05,0.0,2.134152460400971e-05
199,13,0.00015421502747197115,0.0,0.00032000588912004625
199,14,0.019331766464699293,0.5,0.2087494075929207
199,15,6.379683060727917e-05,0.0,2.028397826259955e-05
199,16,0.01601247733220324,0.375,0.02777000652832976
199,17,9.326931688673218e-05,0.0,0.00013822442978963443
199,18,6.595151563883219e-05,0.0,1.4153520219414973e-05
199,19,2.211121407385665e-05,0.0,1.4723195459312167e-06
199,20,3.424371775280153e-05,0.0,2.1806348672919294e-05
199,21,5.256956365591497e-05,0.0,1.2627529450999164e-05
199,22,6.486166671238979e-05,0.0,2.6875570307067955e-05
199,23,4.375190003065415e-05,0.0,1.4069414513620773e-05
199,24,9.804855046711752e-05,0.0,0.0002434251825721231
199,25,8.014557960408318e-05,0.0,1.1147415005355653e-05
199,26,0.00011713789930927566,0.0,7.34845674145015e-05
199,27,3.6859106847705604e-05,0.0,1.13053492193203e-05
199,28,2.0990266653820034e-05,0.0,9.410889167694146e-07
199,29,7.78864792097162e-05,0.0,3.99659769744258e-05
199,30,3.801793151681827e-05,0.0,1.4023512235448622e-05
199,31,6.853277337604813e-05,0.0,1.124079571042567e-05
199,32,5.026313556098523e-05,0.0,4.1599749505606924e-05
199,33,9.75956217171945e-05,0.0,5.718457197555242e-07
199,34,7.523942904768389e-05,0.0,6.465567970003109e-05
199,35,7.530425150178265e-05,0.0,1.5849024639041292e-05
199,36,8.065728287423782e-05,0.0,8.832678587937967e-06
199,37,0.00010435577814487459,0.0,1.0248589235148915e-06
199,38,0.032747335041707105,0.75,0.04603730638994345
199,39,9.882234144888255e-05,0.0,5.206917839455842e-05
199,40,7.878891528690954e-05,0.0,4.873974564864722e-05
199,41,4.873408147185498e-05,0.0,1.9664735923979044e-06
199,42,7.324515982556609e-05,0.0,0.00020257092857006815
199,43,6.854654227518923e-05,0.0,7.782876640897238e-06
199,44,2.813391116551857e-05,0.0,6.404811143214164e-07
199,45,4.306398469688559e-05,0.0,4.368756283166451e-05
199,46,4.145357277931726e-05,0.0,4.239736129607969e-06
199,47,0.00010240260514779196,0.0,1.1766411004344606e-05
199,48,3.793489468317849e-05,0.0,9.599073174912015e-07
199,49,0.0001029248840445467,0.0,4.859327242636959e-06
199,50,0.00021145410049200716,0.0,0.00037152447247591443
199,51,1.5769038495755724e-05,0.0,2.089983254484915e-05
199,52,0.00010205809312148717,0.0,0.0001361044632404681
199,53,0.00014684434396740247,0.0,0.00015002780505702122
199,54,2.8633177857889805e-05,0.0,8.727909176827878e-06
199,55,0.00017123177440488471,0.0,5.203553421569279e-05
199,56,8.075708134672692e-05,0.0,3.358396338110979e-05
199,57,4.027713818454789e-05,0.0,9.396369826140094e-06
199,58,6.595708821351845e-05,0.0,3.654788113112239e-05
199,59,2.3111877825953606e-05,0.0,1.4001049090962808e-06
199,60,0.00018125140314552462,0.0,3.428480143055811e-05
199,61,5.4848714047653905e-05,0.0,1.9375895970504877e-05
199,62,6.260927828382023e-05,0.0,0.0001151124206176052
199,63,5.893015950008062e-05,0.0,1.2641326857343373e-05
199,64,8.77750126982135e-05,0.0,2.1285449590923908e-05
199,65,7.423239915892999e-05,0.0,6.077553460200513e-05
199,66,7.992393093452662e-05,0.0,1.2363039006638155e-05
199,67,0.000145527150576292,0.0,3.2125290812281233e-05
199,68,0.00022269366435617716,0.0,0.0011997924672374012
199,69,7.190938160330914e-05,0.0,5.656567707340232e-05
199,70,9.157630642122339e-05,0.0,1.4584519267285406e-06
199,71,2.5305465727277116e-05,0.0,7.378090341332286e-06
199,72,5.646179442854516e-05,0.0,8.213332000147854e-05
199,73,0.06063436664952098,1.0,0.1389315377676578
199,74,5.538753200810539e-05,0.0,1.6053887550206158e-05
199,75,6.55288918788218e-05,0.0,1.8013353946159527e-06
199,76,5.244449472122562e-05,0.0,1.2089425780947994e-05
199,77,5.146665472164395e-05,0.0,8.21219149879141e-05
199,78,3.083206569381903e-05,0.0,7.541492210794131e-06
199,79,8.051597479178666e-05,0.0,0.00011795022045589667
199,80,1.932452367333042e-05,0.0,4.469169936913101e-06
199,81,4.870662993480312e-05,0.0,6.976666575527073e-06
199,82,0.0001487968640747728,0.0,0.00029858941456223104
199,83,6.255836859815598e-05,0.0,7.86883943914038e-06
199,84,0.000159715270171474,0.0,7.003202434865673e-05
199,85,2.2609051971441056e-05,0.0,9.89325100390108e-06
199,86,3.4119092740619224e-05,0.0,8.362331799003141e-06
199,87,5.799613935804461e-05,0.0,0.00010954014871469099
199,88,2.0695744379628125e-05,0.0,2.5264152267920406e-06
199,89,7.427094235453753e-05,0.0,0.0001443170770509298
199,90,9.646867598803138e-05,0.0,7.0977473289744e-05
199,91,5.438969733895871e-05,0.0,1.5396028399607227e-05
199,92,4.581543884442587e-05,0.0,3.5937742509468975e-06
199,93,3.561573479787872e-05,0.0,2.9378141112248147e-05
199,94,6.967710026799728e-05,0.0,7.957006085727664e-06
199,95,7.285292381674227e-05,0.0,5.289835808275334e-05
199,96,3.755397304815458e-05,0.0,4.391391020060295e-06
199,97,0.017770639880863012,0.4375,0.17506561632440368
199,98,4.724585353711563e-05,0.0,1.6607505181044406e-05
199,99,7.389575460184611e-05,0.0,9.490406995637656e-06
